0.638815895288	0.375000000137
0.578431372314	0.436170212575
0.581382197284	0.4523660429
0.622448979594	0.690306287834
0.578431372557	0.436170212937
0.429790118893	0.67241379292
0.589090358527	0.423913043465
0.467391304025	0.690479007543
0.457446808399	0.652957919373
0.593749999972	0.455555555468
0.561224489804	0.561719830237
0.499999999503	0.485603954446
0.59221058603	0.478723404949
0.597826086955	0.455555559632
0.54255319149	0.465909090898
0.621638522488	0.489130434738
0.579545454548	0.44565217395
0.644399600893	0.428341543472
0.605082281737	0.456143231084
0.593749999958	0.686969435998
0.465909090816	0.618355542182
0.59803921571	0.455555555538
0.569999999962	0.634736623048
0.589999999996	0.427083333328
0.437534326732	0.658055364184
0.449735601782	0.659128037938
0.602040816325	0.423913043425
0.585106382973	0.48809523806
0.576086956522	0.439119185503
0.559040698869	0.427479024277
0.570000000029	0.436170212746
0.581632653149	0.442518604828
0.622448979554	0.467391304183
0.579545454727	0.467391295787
0.591946695794	0.445652173905
0.582628548303	0.461722245496
0.622448979585	0.635116891692
0.565720050549	0.446627400817
0.576086956581	0.445652173876
0.589999999998	0.454593293008
0.578431372588	0.471557055365
0.602040816276	0.48302599506
0.580028012213	0.511363636249
0.611271809426	0.478723404283
0.467391298386	0.645351901127
0.560053206814	0.445652173925
0.593750000021	0.488636363652
0.575471698629	0.477777778599
0.572161296984	0.436874007717
0.561224489574	0.488636363667
0.585106383022	0.486860314927
0.602040816289	0.455555555581
0.589999999913	0.488636363658
0.582497873478	0.449727558266
0.589999999827	0.465909090927
0.551486393044	0.478121989734
0.58145359426	0.477777777851
0.572916666584	0.457446808548
0.593750000044	0.488636363332
0.577702198525	0.622345522708
0.572916666603	0.447916666688
0.613784372482	0.477777777756
0.619482489661	0.445652173923
0.453215366899	0.671875000137
0.572916666663	0.48734098922
0.601980459764	0.628518849917
0.608662006938	0.462464032515
0.61764705882	0.476744186046
0.464285714216	0.656968842724
0.586352736142	0.430439241627
0.4644208511	0.597452906271
0.597024803152	0.465909090915
0.610000000007	0.465909090939
0.61764705882	0.565789473668
0.568297695768	0.447916666669
0.59424040359	0.436170212791
0.642857142824	0.467391304372
0.601851851858	0.507574366737
0.585106382981	0.483091101337
0.561224489908	0.477777777899
0.598039215631	0.430000000027
0.581632653068	0.514641685095
0.585106382991	0.447916666706
0.561224489766	0.671272858494
0.606004921343	0.472795333377
0.630000000095	0.465909091108
0.567775169701	0.453104447357
0.617309062586	0.480909935604
0.610000000016	0.450000000001
0.591581080509	0.467391304409
0.59777160824	0.488095238122
0.578431372842	0.597596074416
0.585106383079	0.494036195664
0.544444444493	0.487526788949
0.613321453964	0.459183673477
0.593749999979	0.511363636242
0.583776012377	0.46875000002
0.602040816421	0.494328094831
0.602040816651	0.461588358097
0.610000000452	0.467391304339
0.578530602501	0.433957990405
0.56382978618	0.488636363782
0.525641025451	0.478723404233
0.567307692326	0.506416220081
0.590485709911	0.489130434576
