0.499999999964	0.438775510155
0.492870374059	0.511363646354
0.49781096926	0.51998909274
0.499999999948	0.455092258396
0.816666666677	0.476744186018
0.606411792792	0.465909098472
0.462860063831	0.502688882219
0.483588502595	0.488636364023
0.510729084648	0.508646968488
0.452210280898	0.492124314724
0.75000000003	0.49567042207
0.490740740724	0.500275945138
0.499999999964	0.488636363634
0.741379696219	0.477777777778
0.489130434831	0.616475505962
0.499803753632	0.488636363683
0.470648928171	0.784771318611
0.83786076619	0.467391304469
0.488647929846	0.468894024654
0.46544487655	0.488636363694
0.74137931034	0.53409090899
0.703994391112	0.465909090904
0.839604631835	0.478102541647
0.287234042525	0.537152529955
0.817494922189	0.488537161361
0.470000000371	0.465909090932
0.484615646919	0.442003351487
0.49295842349	0.520289863545
0.711538461552	0.500000000955
0.775222235696	0.486611057323
0.492243886971	0.466622785681
0.488204852259	0.471188790549
0.826923077175	0.488636364562
0.739768465038	0.477274972934
0.788461538468	0.499999999889
0.481971825979	0.485269924782
0.48009358921	0.691176470597
0.880756494479	0.436170212783
0.469164041177	0.476744185983
0.480360744474	0.455555555568
0.819444444186	0.477777777808
0.516046310308	0.711538461527
0.51960784312	0.489130434402
0.759259259791	0.494168216928
0.803571428531	0.498318666861
0.492918066365	0.79386156451
0.837123796749	0.489130434799
0.770833333613	0.459837787255
0.512208654879	0.509536810882
0.48055149907	0.514950924216
0.518775534037	0.483904406726
0.472222222051	0.465474419148
0.466809724743	0.473708566099
0.520408163263	0.486056393067
0.52445347568	0.53260869558
0.520408125307	0.489130434829
0.499999999895	0.515689470452
0.489130434761	0.511904761927
0.506941083255	0.4886363597
0.486355980799	0.454093708595
0.50000000028	0.796296296368
0.493145406126	0.751601228058
0.767857142857	0.517182721143
0.864877110341	0.516531875417
0.696428571505	0.489583333513
0.451923077155	0.467856845875
0.54281006239	0.501639595069
0.489583333314	0.49466737396
0.754886174075	0.465909091115
0.716666669173	0.489130434849
0.847680699405	0.505764226305
0.479591836857	0.500000000348
0.481249667548	0.740000000144
0.777885504127	0.593750000008
0.483983869996	0.45555555569
0.699999999997	0.4479166666
0.457446808524	0.499999999898
0.517840300803	0.779999999997
0.489999999767	0.729166666911
0.804347826033	0.477777777767
0.716666667192	0.534090909018
0.476208978912	0.523255813649
0.451923076895	0.467391304344
0.805342891966	0.498095653901
0.520408163285	0.817120473924
0.515946527881	0.489130434819
0.48913043489	0.52222222222
0.499736742023	0.598700606101
0.850476329268	0.508625801898
0.750000000031	0.556818181823
0.494242858973	0.523255813863
0.469999999822	0.507610494556
0.460784313872	0.516110923162
0.510416666647	0.522357376487
0.812499999978	0.520684342547
0.5212765957	0.522222222093
0.519121375526	0.499999999733
0.833333333316	0.523407384789
0.531249999873	0.739999999316
