0.581632653	0.774274168558
0.55831649638	0.783333333304
0.589154437894	0.569767441889
0.570785824462	0.569767441855
0.489583333339	0.445652173916
0.510869565316	0.483700025507
0.499999999967	0.847826086952
0.512330104928	0.467391304361
0.48256519663	0.487284016059
0.4700510148	0.443181819475
0.467209392281	0.839285714298
0.494450228445	0.469536054166
0.765625000447	0.467597351607
0.870370370355	0.47970738779
0.480392156909	0.43023255817
0.812500000002	0.443181818503
0.597492290874	0.450588465443
0.591464791276	0.500000000079
0.823508666026	0.468758739188
0.591574707456	0.477777777756
0.563829787181	0.572916666667
0.590000000017	0.587499999873
0.551445863287	0.553685411827
0.57291666674	0.822580645179
0.561310883266	0.506321816873
0.569067612769	0.504730836982
0.572916666687	0.738095237901
0.572916666652	0.451134295337
0.547092794804	0.479476635636
0.736111111109	0.508657508786
0.592647455583	0.750000000135
0.549762626254	0.548780487589
0.561437697915	0.534090909093
0.577918556789	0.596148886692
0.594707226336	0.609999999985
0.581632653097	0.544444444259
0.557109649278	0.522222222225
0.572079650704	0.531703440495
0.569999999939	0.510869565226
0.569999995604	0.545268519164
0.594375475565	0.588888888908
0.552083333381	0.593749999984
0.558823529428	0.522222221812
0.519602767577	0.511363636313
0.559305834921	0.522222222236
0.772727272964	0.548780487784
0.775862063478	0.534090909043
0.796875000016	0.504256408692
0.55208333315	0.534090908734
0.775095848376	0.522222222221
0.560452396403	0.593749999955
0.537017931742	0.541913166266
0.573341371279	0.486687330127
0.716666666648	0.534090909067
0.57843137278	0.534090909096
0.776687355399	0.546511628783
0.562182471269	0.606382978707
0.575054004342	0.522222222204
0.583768225975	0.543652252
0.574901465726	0.50533713913
0.803571428574	0.521731282683
0.59450906776	0.535714285721
0.57200042409	0.489130434852
0.586538461216	0.489130434804
0.474358974366	0.565246337822
0.729166666683	0.520245339182
0.569999999946	0.506802017344
0.554347826099	0.546511627509
0.660669756812	0.504773360321
0.589999999947	0.542260830209
0.580703160789	0.534692710463
0.581632653048	0.514103284996
0.520408163387	0.556818180264
0.558823529442	0.541215784792
0.572674354959	0.535199626988
0.535498773437	0.514355383267
0.545659943326	0.548780487764
0.56579667703	0.511904761937
0.565326641658	0.523255813589
0.546290209308	0.552094810871
0.769209914945	0.531473804342
0.581632654258	0.511433988994
0.590000000006	0.510869563386
0.567791700032	0.74999999999
0.551780449831	0.494658939756
0.56130289317	0.493936759959
0.559935290779	0.515113171671
0.584430080479	0.76086956521
0.551289615934	0.494055469128
0.540816327956	0.452457650652
0.567307692406	0.510759927978
0.567307692291	0.468750000025
0.558582676924	0.468750001282
0.589999999988	0.475609756094
0.579646646749	0.523255813947
0.578431372553	0.511904771676
0.55660377359	0.57317073169
0.557878738538	0.544888208424
0.556603773589	0.54017926534
0.558823529459	0.522222222178
0.554545454534	0.539473683934
0.593949376505	0.511363636326
0.531249999931	0.448717948653
0.548076923235	0.556818181805
0.55660377354	0.550905379604
0.558006360869	0.555008013143
0.549098242455	0.50720226993
0.510869565207	0.540021638042
0.56480981982	0.570870156501
0.570000000051	0.573170731008
0.580549210744	0.543718566347
0.570000000026	0.521202287557
0.57843137238	0.569767441973
0.555570233746	0.46756876145
0.578431372528	0.53260869545
0.588941145678	0.586363262612
0.783333333358	0.562857525306
0.575471698102	0.514319105883
0.725670583463	0.530638605748
