

0.55000000003
0.563829787249
0.630952380972	0.558974724829
0.612851682076	0.520408163198
0.60204081632	0.545290743532
0.663043478259	0.561491481656
0.557468194188	0.535403828987
0.602040816295	0.509800000318
0.636164620307	0.53125
0.627659574481	0.540816326548
0.618216273015	0.507972626292
0.602564102578	0.544998066557
0.662500000022	0.53998108334
0.5731707317	0.589999999983
0.564616723089	0.572441864786
0.59648922472	0.538277107901
0.654761904696	0.567307692242
0.583333333347	0.506519484422
0.582959369987	0.495575712744
0.606046219856	0.521276595622
0.573170731723	0.499504991362
0.597560975565	0.558823529373
0.607142857357	0.516857515985
0.576086956469	0.510869565146
0.587499999994	0.531249999857
0.607142857138	0.518272485696
0.588888888988	0.529999999973
0.593802999501	0.520408163272
0.612499999995	0.545607545872
0.606108498836	0.510416666712
0.579545454564
0.5694465904	0.542553192281
0.662790697676
0.558426484647	0.528221988386
0.59782608696	0.51840973313
0.597560975174	0.489702128625
0.601923061862
0.569767441684	0.549999999179
0.583333333341
0.519607843178
0.55660377356
0.554054054114
0.6124999999	0.568877171164
0.554792073008
0.540816326463
0.50380584282	0.500000000001
0.586647968674	0.53124999997
0.647727272789	0.498705588311
0.627659574477	0.509999999908
0.676072634628	0.562778273715
0.551282051257	0.539215686229
0.570476924929	0.504593536635
0.525641026014	0.500000000178
0.554347826081	0.560839012753
0.594128540654	0.501222647171
0.58333333259	0.559682660666
0.60227272727	0.479591836729
0.534090909107	0.531249999523
0.548780489453	0.518867924029
0.559523805641	0.521276595771
0.537500000034	0.517135837684
0.597826086955	0.520408163246
0.559523809501	0.526435973825
0.535714285732	0.514930099013
0.606382978758	0.499811838879
0.545035255994	0.522222221892
0.59756097557	0.532608695665
0.565887487733	0.518867924597
0.588237493433	0.452433529469
0.553284029783	0.492559427684
0.524398491057	0.479591836765
0.569767441856	0.500000000023
0.548780487479	0.516134372627
0.579545454534	0.495351976284
0.572098859411	0.480392149221
0.562499999536	0.536846797288
0.535714285703	0.529307340471
0.554472327675	0.481866673388
0.5565634057	0.497466887725
0.63333333334	0.552173173077
0.607142857025	0.520408162974
0.602040816336	0.536780781795
0.559523809528	0.556227360663
0.614814897566	0.521276596104
0.569767441902	0.519143945456
0.606156312194	0.525801387029
0.597826086965	0.554347826091
0.593761423594	0.525783764603
0.602427132299	0.499942657382
0.569767442834	0.499999999414
0.569767441823	0.515283432203
0.593023255815	0.533337479849
0.546511627939	0.542553191487
0.626698120943	0.52836551699
0.611111111091	0.510416666765
0.597137481423	0.509999999968
0.619565217371	0.520408163412
0.556818181808	0.500000000031
0.554347826091	0.555939891456

0.612499999882	0.534466534335
0.619565217345	0.540816326313
0.595934518823	0.520408163222
0.621951218921	0.550463913854
0.593023255787	0.538174359665
0.588888889038	0.520083404694
0.561709064922	0.490000000041
0.602272727186	0.510491207308
0.569767441893	0.492256931178
0.593023255753	0.505793563569
0.56666666667	0.500000000023
0.616770985871	0.53125000002
0.579545454588	0.489130434759
0.579545454522	0.532608695641
0.588888888894	0.478723404251
0.552083333421	0.499999999987
0.552407439284	0.477777777939
0.544444444449	0.459183673347
0.55434782595	0.500000000011
0.56666666667	0.430000000089
0.561189870355	0.423913043434
0.556818181812	0.43355195288
0.552083333088	0.443181818217



0.511904761886	0.462289004709
0.523447195819	0.542068151663
0.511363636201	0.514341045363
0.556818181865	0.510869565231
0.523255813969	0.490334041394
0.54651162791	0.455555555542
0.537026092904	0.470000001426
0.50000000002	0.478723404263
0.534090909118	0.436170212779
0.499999999873	0.406250000053
0.540816327022
0.50000000009
0.499999999991
0.548328872987
0.550000000035	0.468750000008
0.523255813955
0.556818181954	0.489999999995
0.52222222228	0.484798950809
0.579545454501	0.48958333338
0.539975507524	0.500000000086
0.509667210194	0.545039155151
0.556818181794	0.48958333346
0.519143993434	0.450421763114
0.552083333347
0.532608695636	0.476744186062
0.56174721456
0.548780487769	0.432832746439
0.559457547214	0.505476853707
0.529943153167	0.53044080503
0.593023255775	0.564913312774
0.557006792479	0.522543062665
0.531113645203


0.513900193322	0.542553191912
0.554021662561	0.480392151224
0.566555784636	0.530624879214
0.573170731702	0.529999999988
0.579545482526	0.539154851265
0.5547106884	0.499999999944
0.569767441845	0.498869817009
0.598110710314	0.532608694966
0.523255814276
0.566666666737	0.542553191431
0.556818181819	0.510416667108
0.549624578752	0.511363636026
0.574512186579
0.556818181779	0.514924146591
0.569767442111	0.482263821557


0.516869143563
0.585106383064	0.489583333378
0.523255813974	0.510000000287
0.549021217428	0.595179092127
0.556067279631
0.525641025658
0.534090909078	0.510416666589
0.583333333306	0.50990953704
0.500000000152	0.554347824101
0.624999999995	0.536201093434
0.556818181867	0.489999999969
0.549489235433	0.522614132273
0.56666666669
0.597826086956
0.569767441798	0.500000002158
0.529650730055	0.530722363522
0.524447051387	0.530000000007
0.656249999941	0.510416666721
0.597826086824	0.543577951575
0.566666666689	0.54348404981
0.56976744186	0.55124028947
0.52462569011	0.581632652979
0.566666666547	0.566666666649
0.562499998453	0.519607843216
0.598155676913	0.563103038034
0.550209571712	0.574706140622
0.624999999988	0.523964821953
0.597560974054	0.572916666794
0.619565217401	0.602040816333
0.607142857139	0.56382978699
0.619565217385	0.528792419355
0.542553191545	0.569999999972
0.572916666667	0.53707533363
0.670212765979	0.48149978473
0.586562943971	0.561224489775
0.593023255798	0.564863797499
0.560665372933	0.540816326658
0.552083333863	0.563829787216
0.619565217406	0.576087820566
0.569767441833	0.601192108936
0.546511627896	0.530000000008
0.579545454493	0.555840613804
0.567358190114	0.533223141448
0.588888889023	0.493603525918
0.569767441861	0.519427591062
0.576086956723	0.500000000034
0.542553191538	0.493388693216
0.557269497113	0.521276595854
0.574838151164	0.480392156828
0.543807831152	0.468750000092
0.559958193504	0.499723117322


0.507891544627	0.53260869556
0.523255813961	0.510416666256
0.585106382976	0.479078075543
0.526318691189	0.49812752123
0.556818181888	0.474804622844
0.542553191577	0.468823620845
0.477777777755	0.495330085739
0.542553191482	0.471206498683
0.511698854387	0.50973861799
0.513013213179	0.478723404279
0.542553191508	0.470376387423
0.556818182016	0.463249299356
0.51145890892	0.489130434807
0.542553191481	0.438775510086
0.540816326521	0.467450170845
0.544444444449	0.491576632557
0.529314294181	0.477819906186
0.526491336387	0.469999999971
0.51086956531	0.485947963969
0.510103592732	0.459183673497
0.503395631765	0.504045542607
0.532608695607	0.500000000021
0.532608695645	0.469999999991
0.520408163194	0.468749999996


0.530035063916	0.49999999849
0.51181460969	0.456180169023
0.522222222222	0.486880949001
0.528413465606
0.522785931109	0.479591836767
0.671874999954	0.506342386834
0.699999999886	0.50000000022
0.443181818266	0.706782612344
0.687796108589	0.540372801053
0.680356629174	0.580988687713
0.515335955822	0.528683434449
0.661270690787	0.541330571473
0.548780487816



0.535714285671	0.539083723481
0.518705290115	0.50395696087
0.488144321853	0.550937732196
0.535237976282	0.508604608729
0.481651815013	0.520245258427
0.540649883266	0.590909090925
0.511363636347	0.539215686263
0.522222222222	0.54634709005
0.552083333321	0.509999999983
0.532608695649	0.490384615445
0.522222222237	0.531249999989
0.512780461404	0.546320893172
0.511363636508	0.533883850156
0.508798704989	0.510416666166
0.546511627924	0.510416666568
0.551746142135	0.539262468499
0.565009582422	0.535580271031
0.59782608693
0.534090909092	0.570000000006
0.544336344456	0.622046358623
0.531249999992	0.520408163243
0.563829787235	0.545333020966
0.552083333332	0.552083333317
0.552083333185	0.53921568629
0.579545454566	0.540816326522
0.54962941624	0.563829787245
0.542928994006	0.586538461542
0.520408163261	0.549527194232
0.510416666683	0.540031084662
0.71004558938	0.536868623883
0.58488341711	0.555998687865
0.534090909112	0.551205548596
0.729953414778	0.602034352465
0.56666666657	0.540816326531
0.510869565389	0.542449855882
0.662162162253	0.561224489672
0.57000000001	0.562859228137
0.559523809418	0.565781099093
0.553096822531	0.536019118321
0.520408163247	0.537198977302
0.661906177213	0.564814814803
0.542553196194


0.528871450917	0.565947822384
0.531250000101	0.513871546988
0.763888888475	0.563829786875
0.494798486191	0.531250000021
0.455555555656	0.544577487466
0.69737573809




0.523088901784
0.440476190474
0.651515151512	0.516393442615
0.585106383082
0.521276595751




0.592105261875
0.54398732148
0.61842105266	0.516956494367
0.637793502063	0.584745762711
0.678659068642	0.536363636326
0.662500000003	0.543103448268
0.653846153912	0.565573770517
0.731445517992

0.620370370291












0.485438076765
0.467391304395	0.57134964292
0.495600021607	0.580079320412
0.646341463411	0.579832902295
0.544444444512
0.535052207009
0.960537728793	0.383333333339
0.572916666663	0.524037731946
0.614285714031
0.621212121143
0.614285714278
0.661764705887
0.449999999894
0.513157894892
0.573529411757
0.585714274685
0.521276595745
0.447916666473
0.573529411781
0.500000000006
0.6902053726
0.540816326524	0.530000000017
0.615485619366	0.525144211425
0.511363636503
0.489583333349	0.533547271342
0.612500000005	0.5377358492
0.653846153782	0.576086956506
0.499999999992	0.585214729035
0.671549136355	0.574675014956
0.5760869565	0.574445438398
0.653086746171	0.538988714213
0.500000000019
0.500000000012	0.529002875656
0.520645489054	0.547424085286
0.488334840984
0.49999999988	0.531128400355
0.671052631555
0.583333333335
0.620556968055
0.607142857137	0.567307693004
0.520408163236	0.567307692344
0.521276595764
0.569444444454	0.561177155784

0.588888888893	0.489583333325
0.633333333328	0.548076923164
0.5638297872	0.533793675261
0.566666666694	0.528846153822
0.584079670476	0.550376360445
0.544444443881	0.49999999998
0.585106382976	0.552083333374
0.542134330222	0.478723404343
0.559523809518	0.540775392406
0.566666666669	0.542553191286
0.563829787257	0.500000000004
0.566585309021	0.531570333243
0.554347826154	0.554497529283
0.592694843912	0.522399982591
0.566666666669	0.583801317685
0.523255813927	0.554562656927
0.609999999967



0.488095238043	0.550000000081
0.527142388095	0.548076923082
0.522222222235	0.526511006502
0.566666666781	0.589999999957
0.554347826081	0.536727656779
0.576086956521
0.54444444444	0.541493463655
0.581632653067	0.561581894755
0.519771930039	0.545160445894




0.576086956471	0.563829787244
0.527777777827
0.521276596358	0.539215686297
0.543030553028	0.542553191455
0.544444444397	0.523191540532
0.534090908933	0.554347826091
0.544444444462
0.542553191588	0.516042542982
0.564118642907	0.500000000001
0.552083333328	0.531249999986
0.544444444483	0.50961538462
0.565146068847	0.554347826081
0.544444444637	0.520408163262
0.572916666663	0.522222221285
0.548239085573	0.521276595779
0.56382978724	0.510000000081
0.593750000005	0.505176923391
0.614583333142	0.531250000093
0.581632653317	0.504686251706
0.576086956518	0.503591355177
0.585106382993	0.508898568246
0.556818181814	0.503370109082
0.54081632649	0.499999999155
0.48863636365	0.478723404232
0.561224489794	0.427083333344
0.510869570043	0.427083333375
0.542553191453	0.457949869517
0.532608695643	0.414893617071
0.662162162138	0.420454545481
0.510869566102	0.413052228632
0.500000000825
0.489583333343	0.410000000452
0.496755840435	0.455555555522
0.50000000018
0.519508919914
0.531070801502
0.479591836716	0.541233264397
0.485838282739	0.453488371956
0.455735622777
0.523255813938
0.549539466499
0.500758846172
0.500000000019

0.510000000006
0.477777777762
0.520408163166
0.489328667752
0.513869677384
0.488636363627
0.497441848659
0.546994226982
0.479353418628

0.462120980558	0.499999999968
0.569767441865	0.489130435814
0.489130435088	0.499999999934
0.546941424675	0.489130435843
0.541753445017	0.445652173971
0.488636363531	0.501913969942
0.531250000011	0.492053074464
0.540580018394	0.408521317468
0.488636363202	0.524509440159
0.48775560575	0.488636363646
0.522222222059	0.510416667017
0.534090908898	0.504947336134
0.534090909083	0.489130434755
0.521276595741	0.510416668143
0.499999999969
0.521276595992
0.483041107135	0.48674245936
0.522222222222	0.500000000004
0.499999999996	0.522222222191
0.520408162513	0.477634210352
0.488636362668
0.499999999992	0.433333334166
0.500000005263
0.521276595787
0.520408163165
0.563829787231
0.544444444267	0.525988604636
0.544444444413	0.478100606572
0.554347826104	0.487335913516
0.524425820504	0.515750648877
0.534090909091	0.488095238113
0.531683937912	0.480495239384
0.520577048714	0.499999999996
0.511363636365
0.500000000004	0.457306016888
0.544444444538	0.575483273905
0.534090909052	0.519927917208
0.534090909086
0.546511627866	0.471046698288
0.552842390819
0.546511627922
0.523255813953	0.509999999915
0.499999999986
0.565981953288	0.499066047347
0.556818181811
0.542553191484	0.541930464229
0.51136363641	0.531250000208
0.539787076965	0.537735849146
0.527637897942	0.478723404285
0.511363636392	0.48958333306
0.575677611727	0.509874545528
0.608108108085	0.572916666176
0.544444444424	0.552083266127
0.576086956518	0.558240628044
0.501519694007	0.575593072128
0.551947153046	0.516160910787
0.46470170531	0.519607843158



0.528090987244
0.460526315792	0.515536837891


0.544444444447	0.563829787173
0.523255813956	0.540816327626
0.532608695772	0.51041811184
0.51136363637	0.547057577551
0.523255813963	0.49562251581
0.563829787226	0.544444444458
0.52325581398	0.555980571417
0.556818181747	0.563829787173
0.511363636394	0.585106383
0.523255813959	0.562737699883
0.588034112794	0.572916666487
0.556818181783	0.520408153774
0.597826086952	0.576086956506
0.524390245181	0.528846153845
0.604670024882	0.544161598152
0.511904762001	0.555582155033
0.588888888902
0.563895302491	0.559080450637
0.54113120254	0.550886343271
0.593750000024	0.55000000032
0.601672452106	0.549999999978
0.591871400092	0.528979473444
0.579545454537
0.529999999997
0.566666666657	0.541951426159
0.593749999882	0.593750000055
0.554046549379
0.559523809503	0.571036589472
0.576086956506	0.60638297873
0.597826086928	0.569742372593
0.600070334143	0.532257138316
0.534090910279	0.569999999976
0.58163265309	0.561224490622
0.622448979611	0.614583333129
0.59302325582	0.525785803029
0.535714295802	0.582499355495
0.593749999956	0.585376314324
0.570000000002	0.564219032479
0.546511627845	0.59436523544
0.558474651371	0.581632653108



0.620063101162
0.443516564966	0.604727043634
0.593023255778
0.55139833844
0.556818181813
0.494979082511	0.542553191463
0.470000000056	0.531789921212
0.53588220703




0.576086956574	0.490740740723
0.593750000012	0.518943722854
0.652777778255	0.498756852615
0.597826086957	0.489999999985
0.542553191493	0.521276595715
0.556818181877	0.490384615432
0.546048529845	0.494623264874
0.55434782606	0.521276595763
0.566666666672	0.487832178847
0.576086956533	0.510000000008
0.576086956527	0.528160118584
0.598518800069	0.519607843165
0.581632653872	0.519607843006
0.619565217346	0.55000000106
0.602010178608	0.525956255461
0.576086956533	0.539215686558
0.593749999978	0.539215686214
0.534090909089	0.593750000006
0.54651162786	0.530000000018
0.593750000016	0.520408163268
0.579545454566	0.520408163235
0.523255813856	0.498906098463
0.566666665426	0.531249999992
0.554347826708	0.489999999961
0.536786573133	0.52375145357
0.563829786758	0.521276595815
0.554347826087	0.521276595372
0.544415154216	0.479591836821
0.556818181754	0.510416666657
0.542553191394	0.489130434969
0.532608695527	0.510869565234
0.552083333147	0.549999999992
0.569392101084	0.546296295831
0.534090909099	0.480392156875
0.502299635923
0.511363636394	0.510416666659
0.544444444437	0.530000000013
0.55208333339	0.451923077259
0.521276595812	0.500000000149
0.545919766331	0.573170731699
0.544444442531	0.500000000019
0.529240587591	0.470391816158

0.616279069754	0.531249999997
0.60638297884	0.506643130164
0.655555555542	0.531250000091
0.595169456765	0.568259252977
0.625000000025	0.586415470576
0.611111111127	0.528625575115
0.602272727274	0.554736047856
0.611111111196	0.562948278316
0.619565217384	0.560568090742
0.62793810991	0.549494411947
0.60714285711	0.5598045034
0.560975609756	0.580582945008
0.616279069773	0.519607843144
0.602272727273	0.558073474528


0.553598343842
0.57291666665
0.573170731723
0.578149263025	0.548076923083
0.502588356514	0.552083333351
0.554347826195	0.574305914074
0.573170731701
0.535714285717	0.552083333525
0.597826087049
0.565357488098

0.558410913651
0.602564102564

0.57771816813	0.510416666678
0.5833333333
0.531056737238	0.530293381244
0.523255813982	0.451923076465
0.559125885175	0.476418489781
0.52222222226	0.510869565238
0.57954545454	0.500980871528
0.61111111098	0.506843576079
0.546511628186	0.531249999732
0.616279069767	0.527777777768
0.581524780981	0.521276596213
0.611111111113	0.520923595633
0.593023255893	0.512372388419
0.529088563646	0.477777777425
0.576375065587	0.457446808523
0.523255813971	0.478723404259
0.544546826091	0.47777777785
0.549197535018	0.477055173999
0.566666666626	0.446177450005
0.522222222242	0.467391304244
0.532608695741	0.423913043484
0.523255814035	0.440343374787
0.510869564842	0.451033716078
0.556818181773	0.453675545263
0.56532015276	0.531250000088
0.56265550171	0.446095082163
0.522240539521	0.520737935582
0.520319230121	0.43436936254


0.481878520648	0.489583333328
0.573179474175	0.476144261767
0.661764705888	0.471093863806
0.569449275145	0.457446808517
0.546511627899
0.563829787315	0.477777777775
0.535714285709
0.546511627906
0.53260869605	0.478723404359
0.511904761811	0.455270006697
0.532608695637
0.500092198126
0.54444444445
0.521276595724
0.524341011816
0.488095238071	0.418367346924
0.493044418849
0.523255813939
0.522222222044
0.539235423224
0.510416666639
0.556818181793
0.479591836716

0.578815629345
0.537500000005
0.57608695653








0.513157892239	0.560981049386
0.548780487801
0.576086956549	0.502102075501
0.641881817467	0.554347826001
0.559523809717	0.483009336365
0.583333333335	0.50886821282
0.57729858182	0.462598974855
0.583333333242	0.518912823621
0.583333333343	0.474220168432
0.559523809524

0.559523809486

























0.486842101349

0.459631396012





0.535714285827
0.500000000046
0.546511627866

0.607142857147
0.500000000016

0.546511627907


0.499999999923

0.512335664218
0.524390243939
0.5202495255
0.546511627907
0.556598812955


0.535714285698
0.55405405396
0.525641025694

0.499999999977

0.624999999975






















0.534090909104
0.522222222084
0.489583333346
0.524678455131	0.498488226279
0.544444444461	0.488993643721
0.546511627287	0.544444444363
0.569767441819	0.500000000038
0.53527280884	0.511606794362
0.499999999819	0.546511627873
0.588204930908	0.499999999873
0.523873669401	0.518843547411
0.554165241133
0.524390244668
0.583333333172
0.573170731708
0.587499999946
0.59782608699

0.573170731707


0.562500000446




0.559523809519
0.535714285711
0.535714285705
0.599343458645
0.547114107648
0.556930968413
0.583333333287
0.548780487783
0.525579838868

0.574407172956




0.513157894741
0.554347826082
0.556818181818
0.554347826106
0.534090908823
0.537499999904







0.539863475789
0.546511627897
0.499999999977
0.499999999955









0.539473684249


0.528183796668	0.528994096118

0.562499999946	0.516549622749
0.551282051303
0.58333333332	0.515604811768
0.561106224109
0.583333333297
0.605597914499
0.58333333321	0.534090909005
0.607407976994
0.548780487801	0.510416666512
0.569767441155	0.524460102007
0.514304342262	0.510446388008
0.524390243907	0.524216616734
0.562500000008	0.561224489769
0.566993392966	0.478723404251
0.583333333605	0.476096081208
0.587499999184	0.559625641869
0.584070302072	0.581632652973
0.60638297873	0.520408163899
0.583333333291	0.532212598941
0.576697920886	0.532608695313
0.583333333351	0.532608695635
0.593023255813	0.531734804391
0.597560975607	0.524050194275
0.539171201403	0.500000000014
0.593023255802	0.51620565735
0.576086956514	0.510869565276
0.511904761787	0.510869565234
0.528208004259	0.478723404244
0.546511627953	0.477777777803
0.552245876803	0.500000000184


0.45121951215
0.513157894732
0.533305778234
0.539933784272	0.553882562636
0.576923076957
0.522418337696
0.561656576814
0.512500000502
0.551282051202
0.63009914792
0.525641025462
0.555024914379
0.562500000062
0.534090909091	0.508729264675
0.60714285701
0.583333333344
0.518730110982	0.530259360525
0.562500000102	0.602564077306
0.543559134063	0.50140500426
0.569767441823
0.630952380923	0.591366867089
0.62195121945
0.574271212056
0.563015745083
0.524491203198	0.523108800847
0.562309126976
0.571878223051
0.573039946051
0.544444444493
0.579545454586
0.548780487775	0.540816326552
0.559523809493
0.53571428572
0.535714285704
0.543918720145	0.489583333327
0.548780487757	0.52040816321
0.588888888885	0.49993286015
0.556818182571
0.566666666638	0.534090908979
0.582085898382	0.542553191363
0.584632455006	0.563829787264
0.569982500422	0.520408163269
0.551282051268	0.578431372545
0.54878048779
0.573170731781	0.558823529489
0.583333333332	0.538084463651
0.558071614385	0.528346653923
0.588888888876	0.510869565189
0.583333333317	0.553514691718
0.67045454544	0.561224489752
0.616279069845	0.549542081208
0.576086956579	0.489130434762
0.538209709353	0.457926600863
0.569767441882	0.45529296216
0.522222222215	0.491199664777
0.556818181815	0.443181818132
0.488095238064	0.455555555635
0.535714285746	0.522222222246
0.579545454562	0.542553191494
0.583333333352	0.492833402845
0.611111111101	0.478662889664
0.566666666667	0.511363636283
0.57954545452	0.460413670257
0.553715667534	0.499999999786
0.546511627902	0.478723404237
0.522222222235	0.445652173935
0.562466513711	0.467391304369
0.534090909085	0.459183673484
0.569767442426	0.554347826086
0.639534883682	0.561224489758
0.593023255803	0.547157175907
0.566996735801	0.555224425959
0.581081081111	0.568142152397
0.573170731359	0.547590772742


0.56158146019
0.546511627897	0.532608695661
0.546511627863	0.490000000098
0.551659313077	0.558823528852
0.589926755515	0.55645418457
0.540816326495	0.529999999978
0.566666667456	0.522249713766
0.552083333335	0.60242674584
0.537749751005	0.546296296189
0.647727272651	0.53925698214
0.585256248543	0.540816326548
0.583333333304	0.577399011448
0.636219270426	0.556603773623
0.538942127587	0.561077149046


0.52564102563	0.535476601791
0.556605849916	0.489583333357
0.588888890633	0.486131126562
0.534090909098	0.460654882658
0.58888888889	0.534090909095
0.546785081137	0.478723404191
0.556817643735	0.489130434815
0.593023255805	0.499999999959
0.59374999998	0.477020118451
0.554347826039	0.477873929769
0.532608698309	0.509999999985
0.5425531914	0.471553039059
0.595863942503	0.520408163681
0.625000000029	0.494495945463
0.627659573875	0.521276595731
0.583333333311	0.542553189126
0.57608695652	0.521276595752
0.603355345165	0.490384615331
0.487500000031	0.522482725537

0.548076923126
0.556818181702	0.532608695652
0.576086956482	0.536139895109
0.61627906984	0.519607843119
0.602272727182	0.619421498945
0.611111111114	0.509076147452
0.590169688598	0.572916666669
0.562499999973
0.597826087002
0.588888888898	0.519607842882
0.53409090956
0.4555555556
0.52305618553	0.537735849068
0.627176767899	0.438775510191
0.489549405122
0.520408163319
0.510000000203	0.47408370249
0.500000000088	0.499999999999
0.558099632365	0.510869564342
0.488636363988	0.49819132119


0.522332104634	0.478723404253
0.504246434082	0.471153847129
0.556818181818	0.467391304343
0.470829058534	0.481132075523
0.514518244885	0.41000000187
0.509518784616	0.422486579473
0.530563000352	0.459731421496
0.554347826077
0.544444444469	0.459183673491
0.500000000026	0.430000000016
0.523255813919
0.667575754996	0.484281850617
0.500000000046
0.534090909193	0.450000000932
0.475362546861	0.492934389906
0.511363636355
0.520408163248	0.407498010895
0.499999999996	0.486439763724
0.754377722545	0.455054159874
0.556818181819
0.579545454571	0.525101811816
0.595068193237	0.52406466267
0.602272727443	0.552083332978
0.576354967735	0.519607843137
0.546511627906	0.54280838104
0.567821878213	0.593749999958
0.639534883716	0.536965799151
0.543935095243	0.532740550889
0.568614941717	0.504650315405
0.611111111118	0.511971113058
0.583333333326	0.510000000058
0.585517848052	0.530867607073



0.588888888904	0.534274768726
0.565789473582	0.539927244556
0.569999999987	0.512048344688
0.624999998697	0.499999999997
0.602272727275	0.512937009946
0.546511627898	0.500000000029
0.548780487697	0.500000000058
0.566666666521	0.559914290158
0.60515695062	0.519607843129
0.60629685676	0.5120673177
0.544444444551	0.558317859002
0.537500000168	0.529258746022
0.566666666664	0.543747007409
0.61627906972	0.494734554476
0.558133170765	0.508425645148
0.576086956283

0.510416666616
0.558823529391	0.500000000011
0.521276595745
0.546511627819	0.489130435088
0.544444444445	0.489130435033
0.524390243873	0.469999999983
0.515864479112	0.530080646119
0.533811876581
0.546009829593














0.561311572357


0.50600112768





0.531637290227
















0.559523809424





0.511904761755



0.569767441887







0.530650410017

0.569589058403
0.560753685318
0.544444444434
0.537500002078
0.533127277364
0.535714285118
0.51136363636
0.556818181812
0.552670697727	0.523255814974
0.565022244546
0.50310844958






0.539904117675
0.511904761889
0.546511627904
0.544444444475


0.56183897093
0.525641025604


















0.546511627954

0.493319029672	0.51332148924
0.559523809513	0.462747960448
0.546511627867
0.535714285717	0.597560975575
0.544463930489	0.500698367896
0.523255813948	0.534090909141

0.49235998704


0.554347826103
0.532608695621
0.51249999973
0.558823529323
0.524390243893
0.494600174563


0.544444444589

0.561224489868
0.556818181798
0.528542156538
0.544444444499




0.535883768109
0.548374000653



0.597560975352

0.565789473691



0.572916666671
0.607142857299
0.641304347834
0.579101194393
0.616279069788	0.522093751886
0.586726223278	0.511363634841
0.627273259524	0.513450799062
0.597826086721	0.499999999967
0.593023255833	0.498800402799
0.597560973134	0.48189839346
0.689189189227	0.500000000018
0.573170731725	0.489130434774
0.618421052608	0.50262369532
0.56976744187	0.489130434786
0.588888888831	0.498565697741
0.670919191244	0.500000000078
0.575308685897	0.554347825969
0.534090909091	0.510955866796
0.671428571412	0.490863901442
0.534090909076	0.461221038993
0.534090909084	0.433333333323
0.541829506887	0.455555555574
0.512153545083	0.464585601326
0.736634511745	0.477777777201
0.606382978184	0.451590684874
0.549351776031	0.45744680852
0.583333333333	0.510416666675
0.582213628557	0.535379677759
0.607142857102	0.511594740489
0.580551899178	0.537133298765
0.544444444374	0.427083333284
0.516804638702	0.455555555579
0.511363635722	0.445652173914
0.522222222222	0.423913043484
0.51136363634	0.440476190468
0.426829268264

0.436680049758
0.583333333376	0.507709416832
0.579509671497	0.556818181835
0.559523809554	0.528846153592
0.535714285686	0.495772048269
0.651515151323	0.520408163308
0.554347826092	0.554347826171
0.608108108134	0.544466840196
0.583333333136	0.547227825484
0.559523821775	0.569999999993
0.588532143582	0.521075133566
0.602272727273	0.576086956449
0.630952380913	0.50570965536
0.591563561722	0.586062513695
0.593023255852	0.60186708352
0.537500000028	0.58923476003
0.609175399107	0.555049437784
0.57954545455	0.571229154775
0.610000000149	0.581632653124
0.536346094112


0.602941176444	0.580039022377
0.513157894775
0.581081081061	0.502471396944
0.607142856922	0.521276595592
0.474358974331	0.500000000012
0.622448979559	0.489583333394
0.561224489756	0.498097507822
0.509116474652	0.521276594083
0.546511627902	0.532742401693
0.554509437346	0.485833270434
0.602272727223	0.532720507852
0.576086954664	0.519000749403
0.593750000028	0.520407763819
0.603978456967
0.576086956514	0.530000000286
0.536677754579	0.539215685715
0.561224490089	0.567307692282
0.558323763801	0.510416666666
0.534090909101	0.468749999988
0.530532113244	0.47872340429
0.552083333346	0.472564596124
0.5760869566	0.466289418172
0.556818181925	0.489583333339
0.593023255816	0.510869565202
0.590744003775	0.485450780731
0.593023255813	0.490384615467
0.636230844911	0.484337848593
0.550213670329	0.518026246462
0.54255319149	0.478723404288
0.52351038264	0.511363636431
0.540862264981	0.522222222227
0.532511257717	0.428103358449
0.716216216289	0.510869565085
0.645389350171	0.468749999976
0.563829787213	0.473329349452
0.563829784229	0.444337869695
0.572916667411	0.476772757397
0.510869565292	0.438775510254
0.523793790986	0.456138222712
0.712121212103	0.44519394349
0.56976744177	0.451923076932
0.726633514742	0.454855568923
0.544462246087	0.480101604108
0.532608695244	0.478723404556
0.649903481449	0.478723404265
0.614285714222	0.532608695676
0.559178302209	0.541379084565
0.521276595657	0.521276595731
0.579545454487	0.530665269419
0.579545454547	0.52127659586
0.627659574472	0.502959890568
0.613972218404	0.508898314803
0.638473491513	0.505476901068
0.633333333194	0.520408163274
0.633333333283	0.509999999925
0.647727272733	0.548372372132
0.663043478267	0.55208333342
0.633333333136	0.530492643607
0.521276595735	0.506599002151
0.538110256134	0.485871520087
0.708333334224	0.501215170155
0.585106382978	0.475134793327
0.581632653053	0.519607843179
0.54562041259	0.515053704395
0.560817399264
0.502599859061	0.510869565179
0.546931710003	0.488636363621
0.635135135116	0.528926576528
0.534090909075	0.510416666654
0.552083333335	0.489583333342
0.5726474752	0.473287976053
0.559452910849	0.499999999549
0.566666666608	0.511363636105
0.538438001914	0.520408163294
0.522222223217	0.521276595753
0.570669023584	0.489583333423
0.602272727291	0.485039462564
0.579545454212	0.59219946033
0.699999999997	0.514560532916
0.576086956536	0.478723404253
0.588888888942	0.531411144468
0.627659574506	0.504558257151
0.579545454527	0.499999999984
0.611111111147	0.602272727273
0.569767441863	0.509370750378


0.579545454653	0.55947406541
0.51684443393	0.544679283372
0.585106382932	0.526476474369
0.532608695683	0.499999999978
0.546511627893	0.500000000994
0.56976744176	0.49416525434
0.535714285715	0.53525877638
0.556818181804	0.510416666451
0.593023255796	0.521518078622
0.612056959888	0.509999999872
0.585106382976	0.563829787232
0.597826086915	0.52040816329
0.59374999998	0.57291666644
0.664369492157	0.499999999997
0.554347826129	0.500000000093
0.566666666665	0.489583333231
0.569767441855	0.49406739998
0.556818181815	0.478227039003
0.611111110926	0.489583333318
0.510148133318	0.44117647058
0.641034165747	0.490384615471
0.611111111259	0.534817079519
0.62195121952	0.536916435179
0.619551340826	0.537945260104
0.647727272749	0.50309247312
0.68478260857	0.56122448982
0.621951219292	0.606328744348
0.640985150439	0.578418554266
0.575039679387	0.520401627932
0.559523809524	0.566121230051
0.58333333332	0.527902333303
0.534090909103	0.60076528491
0.626539391973	0.54081632784
0.548780487796	0.567307693657
0.635416665335	0.547954966802
0.628205128187	0.567735151842
0.59188941498	0.509615384639
0.639534883643	0.521039569782
0.60638297872	0.572916666643
0.647727272725	0.531250001147
0.569767441938	0.554329941063
0.625000000006	0.519977685507


0.59375000002	0.561924240316
0.58749999997	0.572916666678
0.597560975079	0.539754318462
0.588888888889	0.500000000021
0.579545454552	0.531250000229
0.606382978729	0.483198540001
0.58510638295	0.558095648123
0.563829787235	0.520408163257
0.52514969242	0.542553191337
0.564957564148	0.491907403608
0.525164959456	0.501142391001
0.539215686241	0.531250000016
0.588888888854	0.521276595751
0.552083333342	0.581632653084
0.554347826154	0.471153846061
0.548008807599	0.481132075468
0.635416666654	0.490384618117
0.554347826076	0.401960784421
0.602882418144	0.490000000013
0.548780487996	0.525761599673
0.528768518004
0.521979346273	0.455605456418
0.506438727471	0.459183673401
0.556818181817	0.452899100163
0.523255813808	0.451923076867
0.623674111681	0.510000000051
0.574749403543	0.520408163157
0.641304347824	0.463799995609
0.611111111101	0.508443767097
0.542553191483	0.50469111742
0.593023255837	0.528846153621
0.61111111111	0.503124612637
0.534090909078	0.469620106713
0.566666666235	0.491280923678
0.602564102566	0.552083333275
0.574157089462	0.531249999958
0.523255813898	0.490000000085
0.643348397347	0.542553191502
0.619565217429	0.531628997302
0.535714285834	0.503367079606
0.619565217377	0.52222222221
0.611111111128	0.576932072405
0.601521419911	0.543319357331
0.60376571358	0.544956565202
0.586339601161	0.475481408002
0.534090909101	0.510416666756
0.730769230753	0.574443025151
0.619565217383	0.510416666652
0.611111111293	0.546296296519
0.628205128215	0.544690372068
0.579545453188	0.573205854833
0.6111111111	0.52967658197
0.57954545456	0.552083333324
0.544444444528	0.566283300021
0.535714285709	0.581632652973
0.611111110931	0.552604006131
0.616279069748	0.550000000004
0.559523809522	0.537046122683
0.616279069728	0.550796638799
0.598819435571	0.576086956496
0.579545455882	0.567170831402
0.6114828062	0.609138408774
0.587986006122	0.522385946611
0.614583333331	0.502684326831
0.583333333233	0.534005435934
0.743243243267	0.565599686
0.552083333307	0.544348344094
0.587114136613	0.531908624335
0.531249999975	0.509109471189
0.576086956437	0.534940120483
0.544444444483	0.532608695647


0.512499999997
0.511363636387	0.520408163293
0.560816043052	0.492124427944
0.569767441907	0.518876465273
0.556818181837	0.528879683551
0.559523809666	0.482113524916
0.593023255865	0.519607843101
0.566666667069	0.531250000039
0.588888888869	0.527472042628
0.546511627907	0.540816326315
0.611111111122	0.53068797485
0.607142857115	0.549036739182
0.563829787214	0.553337486858
0.598755604993	0.536016983125
0.625610934787	0.533728138333
0.594811513435	0.530287287074
0.58888888908	0.531249999987
0.619565217424	0.535082141944
0.662790697382	0.548389161954
0.561224489795	0.561224489816
0.654761904763	0.521905567345
0.535714285719	0.487875670903
0.540816326529	0.506047585634
0.648091558857	0.579545454546
0.616279069767	0.564807837878
0.708333333327	0.526610542812
0.632352941165	0.463672139671
0.588946304526	0.576086956475
0.681818181795	0.504721923205
0.570000000361	0.509615384559
0.572916666485	0.54255319105
0.61627906964	0.498451208646
0.573170731725	0.490384615392
0.523244203755	0.528413293298
0.523255813946	0.449011259161
0.640624999976	0.511528341068
0.544444444444	0.477777777776
0.576086956473	0.455555572036
0.735164566468	0.510869565181
0.728571428517	0.489130434751
0.499999999969	0.468750000004
0.531250000026	0.499999999987
0.522222222251	0.468070080629
0.530000000013	0.470497777404
0.488636363621	0.48039215688
0.556399567722	0.5
0.550474400011	0.535801636475
0.511076125071	0.500000000001
0.513495343487	0.478723404271
0.546511629316	0.480398326922
0.535714285707	0.510869565205
0.510416666668	0.484573879028
0.569767441961	0.611111111116
0.557828956371	0.489583333351
0.523255813918	0.511866318562
0.534090909258	0.529999999984
0.50842019016	0.509615384581
0.579545454533	0.545539916851
0.543192062978	0.500000000119
0.49999999998	0.598622401566
0.668777244816	0.522516731838
0.581152675325	0.561224489812
0.500000000032	0.511702485038
0.488636363591	0.489583333316
0.500000000102	0.509054122341


0.52999999999	0.510416666679
0.576086955962
0.684697333837	0.490740741072
0.728571428562	0.465909090904
0.522222222222
0.641515475708	0.473214285667
0.563829787528	0.528450945234
0.499999999956	0.54578864541
0.536146027766	0.59782608685
0.511363636362
0.680555555556	0.534062455734
0.548076923147	0.51000000003
0.597826086962	0.494387113646
0.597826086807
0.523255813957	0.479591836679
0.527826895291	0.483129436205
0.544444444463
0.569767441846
0.56976744192	0.532608695636
0.592653672005	0.489583333355
0.551483373689	0.465656031641
0.57608695652	0.517276282396
0.511904761909	0.489130434795
0.534090909086	0.49977412458
0.710645508978	0.489999999951
0.556818181817
0.51136363637	0.510869564559
0.554347826038	0.512259235067
0.535368687966	0.504603430594
0.578279628342	0.481843357691
0.535086316672	0.498207997403
0.529552741211	0.536573190304
0.532896331835	0.546511627474
0.554284470625	0.477697743085
0.765625000009	0.500000000034
0.510869565365	0.445652174175
0.542815001977	0.522222222196
0.489130434727	0.486130650904
0.54651162791	0.467391304361
0.488095238105	0.504004674517
0.530846922842	0.4703396807
0.523255814017	0.455436201678
0.671875000001	0.429168725257
0.556818181896	0.444348938421
0.529537406211	0.477777777761
0.54444444445
0.553495441084	0.488939110881
0.593023255837
0.488636363625	0.509771620476
0.532608695086
0.556818181632
0.54652677005	0.46234734661
0.535714286237	0.504919205177
0.541834347029
0.580545110861	0.478729419503
0.556818181815
0.546511628292	0.500000000057
0.569767442221
0.47467963216	0.493849309677
0.535714285711
0.534893426559	0.500000000203
0.51136363637	0.510416666666
0.579545454562	0.515100049738
0.569767441813	0.486522041696
0.579545452357	0.478186349595
0.535714285799	0.558884305855
0.556818181817	0.515389244326
0.556818181832	0.515050913582
0.534810230294	0.467391304351
0.593023255823	0.521276595767
0.593023256447	0.467391304338
0.544457433952	0.523255813738
0.511363636415	0.510869565227
0.566666666694	0.491938984735
0.602272727257	0.544444444435
0.616279069937	0.488636363743
0.583333333353
0.579545454527	0.455555555553
0.57608695654	0.524404616235
0.53571428608	0.513975642848
0.546511627903	0.488636363505
0.554205584508	0.474495526503
0.510869565193	0.43877551022
0.536803162839	0.460397380912
0.523255813949	0.467391304464
0.523255813949	0.523255813916
0.561236260412	0.457446808493


0.523255813981
0.539932501865
0.53409090909	0.478723404251
0.572916666668	0.478723404334
0.53174373884	0.459414142929
0.534090909094	0.469953947485
0.554347826064	0.503491673214
0.511904761935	0.534090909103
0.554347826074	0.533181756153
0.542553191491	0.509172647967
0.546824969052	0.512820889935
0.567865292627
0.579886109289
0.661049994095	0.510416666689
0.544444444816
0.671428571377	0.49538255454
0.56976744184
0.48750000001
0.535714285709
0.583333333331
0.531358209645	0.504161427574
0.582996205991
0.536865759505	0.50486763863
0.556818181807
0.524390243897	0.520408163939
0.572927638343
0.562499999994	0.532608695403
0.539534839607	0.489130434998
0.536062902474	0.525741375601
0.560986942825	0.547965520584
0.535714285648	0.486998456753
0.580857474235
0.523255813799	0.521276595728
0.546511627928	0.523255813616
0.550784084997
0.569767441855	0.532470787613
0.559523809543	0.489583333375



0.559523809547	0.50499202784
0.559523809471	0.525657797756
0.587499999948	0.549322401968
0.62299504131
0.555767739169	0.481818303318
0.583758226312	0.52187961179
0.538388241567	0.528347822236
0.579545454543	0.480392157598
0.534090909093	0.499347111715
0.540816326549	0.499999999968
0.51735226917	0.528395866517
0.554775824916
0.550878317658	0.524213531649
0.552484652145	0.522245544938
0.535714285694	0.504406718215
0.5465116279	0.534090909106
0.662521448568	0.522282282007
0.524390243969	0.441176470717
0.494743195005	0.517601232037
0.532608695627	0.471448530407
0.522222222235	0.488636363628
0.540858803842	0.457446808493
0.488095238094
0.512561379692	0.506442810009
0.556846518103



0.499999999959
0.523255814017
0.55453646548
0.514493135464
0.544395306109	0.510416666736
0.508895056197	0.480667111752
0.521276595762	0.489583333179
0.538334037362	0.490519820486
0.522222222231	0.479720456133
0.552083333355
0.527414795226
0.499999999994	0.508632777932
0.515113464744	0.499999999971
0.546511627889
0.557754467666	0.512999809325
0.534551529595	0.537493997073
0.551126660271
0.52222222211
0.523255813948	0.520511647306
0.529504237904
0.559523809521
0.535714285712	0.480460947333
0.548780487824	0.49800643627
0.511363636358	0.529494009848
0.554827712386	0.518891405379
0.580714419191	0.509615384559
0.529304623163
0.511363637529	0.504017764984
0.551968126216
0.546511627855	0.52583862735
0.569240499105	0.528167187487
0.528787260336	0.542553189777
0.700000000023	0.600296040258
0.597222222231	0.570049371354
0.615613591291	0.570778496159
0.587500000023	0.614583333246
0.556147309867

0.539215686214
0.590909091072	0.569999999977
0.617256621315	0.582701682521
0.715909090467	0.584257359055
0.662790709258	0.580129946933
0.686046512078	0.550814218435
0.709302325424	0.535655825655
0.608108108115	0.583907850426
0.750000000003	0.588746636522
0.716125125669	0.567145799679
0.714517263847	0.615628192602
0.722222222195	0.611605559343
0.670454545245	0.581632653113
0.626491585519	0.593749999922
0.678571428545	0.593750000236
0.654761904639	0.561224489815
0.670454545428	0.571355058725
0.654761904805	0.547709237787
0.643773898547	0.563101989285
0.588888888843	0.541871631953
0.700000000033	0.541787968507
0.693181818196	0.572076426117
0.569767441814	0.528715870817
0.567263896833	0.542553191465
0.588888888881	0.536066763751
0.647727272729	0.548407040918
0.608931113268	0.549999999962
0.579545454545	0.552083333264


0.534090909052	0.531250000114
0.512507955034	0.533457714412
0.556818181825	0.548212990963
0.523255813999	0.538198229258
0.579545454532	0.520408163344
0.574861684801	0.562499999994
0.573170731459	0.520572752247
0.54878048763	0.529760723528
0.566698133844	0.543212244554
0.541672096891	0.492551208778
0.506748438015	0.477777777618
0.523255813924	0.489130434707
0.712121212121	0.452955865708
0.486680773369	0.466784895286
0.5465116279	0.414251951848
0.510799578626	0.421238493176
0.522727821838	0.467854824918
0.499999999991	0.427782307692
0.511363636334	0.43023255812
0.587499999991	0.411111110966
0.477777777413	0.476744186044
0.488636363816	0.447568093762
0.487059443216	0.45498186102
0.455555555617	0.453488372112
0.488636363621	0.424437383594
0.511660690242	0.48964859456
0.519453267874	0.531250000043
0.562926968904	0.556818181688
0.528710431054	0.503814731373
0.586548815161

0.548271894537	0.568047200271
0.57875838966	0.553828470115
0.560701990313	0.574045318968
0.552083333274	0.532672909906
0.579545454563	0.51087326085
0.556818181856	0.520408163278
0.54577379092	0.527110073873
0.566666666638	0.51377464742
0.5	0.528846153925
0.556179642434	0.496503465675
0.559523809501	0.559822611498
0.529674480116	0.507814984652
0.532608695588	0.536621182519



0.525517455938	0.573251292739
0.546511627883	0.518816040732
0.522222222284	0.520408163215
0.534406781392	0.531249999947
0.517091707556	0.552670221926
0.566666666622	0.572916666698



0.63333333334
0.566701710598	0.551299599414
0.576923076902	0.484247663407
0.607142854166	0.549999999857
0.691176470571	0.499917673932
0.567046758918	0.526637129213
0.569767441853	0.542553191481
0.551282051211	0.529065004749
0.614773378817	0.542553191505
0.583333333144	0.513157894732
0.572784120331	0.530457900751
0.679084598062	0.517246373647
0.597560976249	0.543034681067
0.593023255854	0.540816326631
0.597560975619	0.559191598978
0.607755972167	0.54498885351
0.523255814013	0.565841150857
0.607142857113	0.522842017865



0.540816326388
0.573170731666	0.568606823972
0.579545454472	0.544174627675
0.567095864909
0.534090909114	0.557845001158
0.559523809529	0.560572597162
0.661764705905	0.548780387737
0.563829787251	0.543922131667
0.573170731585	0.568304011101
0.544444444509	0.561224489438
0.57608695653	0.573043072537
0.611111111091	0.59782608701
0.546511627933	0.551184162269
0.54651162888	0.503411410293
0.524390243906	0.565947470734
0.587500000009	0.500000000026
0.566176651263	0.531249999954
0.739525079935	0.510416666829
0.552243973805	0.566975981898
0.691176475662	0.52040816323
0.545247444414	0.565273458761
0.674180195906	0.532608695648
0.573170731757	0.58048391053
0.611111111119	0.531250000078
0.671428571433
0.619565217413	0.521311079959
0.749999999958	0.570196473014
0.593023255458	0.552083332525
0.548780487812	0.542553186014
0.588681136813	0.521935120499
0.671428571364	0.519703428679


0.504765695923
0.572328512818	0.516655608951
0.614583333326	0.571775997753
0.661764705887	0.551318419269
0.57317073168	0.554309272525
0.552083333313	0.523613822984
0.573792487832	0.59676739316
0.588850459431	0.550000000003
0.488095238091	0.541523204088
0.570104581376	0.543774569693
0.500000000015	0.563829787232
0.49894033499	0.544413059327
0.520282134564	0.528588990493
0.546511627959	0.552083332615
0.567434949665	0.545185904785
0.523255813964	0.524993262192
0.523255813922	0.531333622412
0.550791125921	0.563829787312
0.564195314737	0.520408163266
0.599543680186	0.540816326479
0.535714285767	0.559342914288
0.593023255798	0.552083333443
0.579545454551	0.540816326645
0.593023255806	0.54966711088
0.581917074558	0.56041525872
0.51966611178	0.520408163223
0.534090909005
0.661764705793
0.55881003146	0.581632653019
0.573170731714	0.535255941834
0.559523815887	0.573361364654
0.562500000033	0.531250000017
0.62765957453	0.549282516644


0.597560975566	0.581632653061
0.547126823411
0.519004444276	0.56122448965
0.569767441855	0.53300023047
0.550408860847
0.527078155099
0.597826086929
0.556818181817
0.570960236414	0.571963586957
0.611111111071	0.578431372433
0.578431372548	0.547935490137
0.534090909172	0.473623238983
0.573170731697	0.544854851574
0.573472209165	0.516415546664
0.58333333333	0.539215686241
0.512500000425	0.552083333323
0.6000553955	0.551069916099
0.57763499732	0.552083333327
0.579563249416	0.561156066004
0.602272727261	0.569999999944
0.577217274801	0.571975390907
0.556818181741	0.540816326529
0.61627906976	0.520696941032
0.691176470651	0.58344949301
0.552533813445	0.521276595825
0.554347825962	0.546511627911
0.451219512183
0.535714285584
0.55208333334
0.521276595727	0.511047654175
0.52222222361
0.611111111102
0.567843197599
0.505982949105	0.489130432056
0.556818132837	0.495741315984
0.585106382997
0.573170731131	0.485411584985
0.5795454545
0.687853169628	0.497923435168
0.517655802599	0.489130434815
0.535714285568	0.499999999871
0.522222222343	0.489130434943
0.546511627987	0.492584059188
0.50000000049	0.514188633539
0.556818181863
0.572595900259	0.512077359238
0.510869565239
0.703125000227	0.521317501078


0.544375143905	0.528568186401
0.522222222741	0.566666666656
0.679757892655	0.522222221791
0.500000000022	0.515203465753
0.69002698918	0.510869565218
0.499999999996
0.531440917822	0.532608695643
0.481006001575
0.500093633687	0.521276595622
0.489583333356
0.520707615826	0.49062469307
0.511904761877	0.525254211583
0.64062500009	0.544444444387
0.523288813719
0.510416666645






0.474358972775
0.460526315825
0.476560891441	0.491179381385
0.463029703931
0.544444444606	0.505141134042
0.700000000098
0.563829787176	0.563829787254
0.566666666669
0.612500000024	0.490000000003
0.554347826046
0.630036669111	0.489999997635
0.532608695696	0.544444440132
0.532086907748
0.526048393696	0.516854750134
0.52305957421	0.510416666669
0.546511627905
0.505281864072
0.500000000002	0.552083333256
0.511363636325	0.534090912822
0.700000000008
0.504662650546	0.526102191332
0.519071297643	0.495588926615
0.693548386761








0.52325581397

0.548396291648

0.534970207363
0.568713151941	0.520408163198
0.511904761905	0.509716729335
0.676377426388
0.5375	0.520408163527
0.542814264059	0.538040448707
0.560144149827	0.510416666621
0.548780487755	0.52622851569
0.573170731707	0.564162476145
0.559523809524	0.490109873936
0.559523809549	0.535976415921
0.548780487817	0.53374138944
0.573170731742	0.543085293254
0.588888888823	0.52964785869
0.703124999879
0.624999999996	0.509981838312
0.5635777736	0.555006190025
0.559523809526	0.520408163249
0.517610982636	0.510000000005
0.550772747614	0.534800356554
0.567227733406	0.508379909403
0.553337318885	0.568903267191
0.569767433446	0.507938806082
0.593023255812	0.510416666661
0.573170731682	0.505173730829
0.559523809797	0.534293552727
0.573170731659	0.505067485801
0.532608695195	0.546511627949
0.596415680518	0.520408163176
0.587887278313
0.56578947363	0.554823069685
0.57954545454	0.525102733589
0.50000000009	0.53139329701
0.559523809951
0.66485618261	0.510000000029
0.556818181818	0.481061334059
0.532608695655
0.566666666696
0.535714285731	0.537694871135
0.574813736349	0.531341773907
0.566666666636	0.585106382966
0.546511627902	0.558124839765
0.559523809539	0.552083333317
0.559523809541
0.588888888286	0.520408163291
0.523255813958	0.574136769267
0.532608695652
0.559523809465
0.544444444408
0.535714285899
0.510869565215
0.548780487814	0.582421101325
0.587499999974
0.524701598336	0.542553191504
0.579545454484	0.523655805218
0.681218772314
0.544217189516
0.576086956545	0.55208333383
0.669717657825
0.538709440488
0.568718433981	0.613578406525
0.57954545451
0.583333333326	0.552083333308
0.559523809675	0.59375000006



0.583464956661
0.500000000002	0.540816326514
0.651515151552	0.563829787276
0.532891861189
0.523255813947
0.499999999998	0.510416665604
0.498462980552	0.531668585277
0.499999999986	0.554347826089
0.55952380947








0.604971162352	0.576106954768
0.619565217253
0.537500000054	0.572767010735
0.548780487802	0.532705024912
0.585642358334	0.551448198477
0.597560975615	0.567624584273
0.566666666683	0.531883378859
0.60714285705
0.569767441866	0.479591836738
0.583333333349	0.540992038641
0.632907956985
0.552477445623	0.576086956557
0.593023255851	0.532608695872
0.525740711142	0.50451028985
0.488636363632	0.590479322393
0.512500000005	0.521276595818
0.539738499775	0.530743668348
0.511904761568	0.572916666351
0.569767441859	0.540962244055




0.569767441508
0.551282051235

0.541092957794	0.532608695673
0.544444444655
0.534090909285
0.557595705239
0.526154180348
0.517536849763
0.523255814046	0.573341481725
0.548780493565	0.56522306342
0.757142857179	0.521276595729
0.531684021609
0.579545454515	0.565112802322
0.486552752731
0.541419357691	0.521276595821
0.547643795754
0.52475722926
0.470317705788	0.529999999996
0.571388281011
0.511363636317	0.52127659577
0.534090909105








0.501593122943
0.499999999945







0.486842105279	0.543928714278
0.518175955181
0.587499999951
0.552083333333	0.545141337446
0.548519609132
0.591753723312
0.726065598793
0.499999999986	0.55240292266
0.569767441252
0.499999999995




0.539236572254
0.499999999907	0.550266908709
0.56976744163	0.560801057521
0.535714285719	0.527499986184
0.493920073218	0.528846153834
0.523255813968	0.554347826123
0.535714285712
0.720588235309	0.531249999949
0.549487339095	0.522461208497
0.742424242431	0.542553191524
0.511066831931	0.516714230341
0.562670813677
0.534090908961	0.52040816324
0.671875000036	0.510869564423
0.693393634589	0.522222222222
0.58108108144	0.534090909128
0.477777777765	0.549162759527
0.675113811952	0.427928339722
0.707507428312	0.625365664181
0.534090909082





0.511904761919
0.566666666485
0.507293159313
0.546511627793
0.548780487808	0.504618981502
0.525802073291
0.546511627902
0.531562735731	0.561224489751
0.539813271086	0.535636500794
0.56921560089
0.500000000015	0.563356724071
0.717284838491	0.561224489723
0.48137142147





0.50000000021
0.500000000016
0.548780487717
0.511904761848	0.529999999988
0.548780487726	0.542553190779
0.577652526049
0.579127815682	0.510416666657
0.537126033746	0.52503354711
0.713215949105	0.5090367185
0.618421052656	0.52932030786
0.521132404721	0.532587375794
0.63058470645	0.509999999988
0.56976744186	0.507006680783
0.577384868437	0.556818181791
0.52587479591	0.529832364402
0.659612144734	0.541436053424
0.578411082294	0.569767442147
0.573170730723	0.522222222018
0.662162162197	0.568527755384
0.556818182169	0.528851785672
0.579545454578	0.490580497852
0.54878048794	0.478723404316
0.559523809487	0.530000000055
0.5380580008	0.505068801431
0.691176465072	0.500442391435
0.570674860109	0.530805307168
0.537562323023	0.496833675755
0.593023255851	0.510416666679
0.61627906978	0.519595823295
0.637499999992	0.543423413155
0.74242424246	0.514949615429
0.621951219547	0.521276595717
0.535714285714	0.500000000025
0.548723628612	0.509431306499
0.569767441858	0.530487539387
0.583333333362	0.478723404309
0.593023255818	0.486457770777
0.535714284133	0.510869565229
0.513891338878	0.5651496537
0.534090909091	0.526084692139
0.579397524163	0.4786600371
0.569767441415	0.538063255841
0.576825148081	0.485582156348
0.559523809503	0.510869565208
0.734374999971	0.510097534098
0.726492608375	0.500000000032
0.490320121412	0.440423366702
0.507633843851	0.492867507638
0.647096861564
0.488636363609	0.466149159526
0.754113960994	0.470539919796
0.535714285736	0.519148967539
0.559523809551	0.519833998994
0.546511627918	0.510869565199
0.742424242405
0.546511627933	0.521276595822
0.511363636352	0.510416666842
0.583333333327	0.497571269001
0.559523809529	0.562370043084
0.559523809508	0.525405096362
0.54975859913	0.539875431804
0.555596003872
0.548927147319	0.571738898689
0.579545454116	0.563829787237
0.574346020036	0.520408163238

0.581632653053
0.597222222196	0.539215686246
0.525641025629
0.612499999977	0.583317780071
0.52999063806	0.589746373777

0.597560975607	0.561224489834
0.626536965439
0.606278108812	0.540816326371
0.579545454517
0.584817275041
0.713293605415	0.550438613513
0.616279069772
0.549122150503	0.575214365443
0.559523809535	0.541387329688
0.77893398728	0.521813059815
0.714772115009	0.493968306585
0.559523809528	0.523148365255
0.681955431224	0.527687037957
0.5375	0.483909736681
0.616279069755	0.528727963324
0.607142857149	0.545353359498
0.573170731707	0.552083333344
0.544444444459	0.501223279714
0.661764705728	0.552083333327
0.590361507602	0.554347826101
0.511363636407	0.561224489799
0.532608695754	0.55434782566
0.532608695735	0.540063391833
0.712121212073	0.530478778575
0.511904762096	0.510869565199
0.601266508337	0.554382417879
0.50000000028	0.514977546372
0.511363636422	0.51960784443
0.573170730132
0.524390243817	0.521905731922
0.487499999979	0.54265214079
0.546511627889	0.499999999983
0.535714285716	0.579844872852
0.569767441882
0.578830490885
0.503015582409






0.602272727252
0.5125000002
0.566666666229
0.604785100394
0.546511627985	0.574091066071
0.548780487799
0.57447133946	0.57954545363
0.569767441874
0.556818181783	0.5543478261
0.583333333325
0.535714285782	0.54090003135
0.510000000421
0.475609756248	0.509999999964
0.569767441889	0.536363635529
0.579545454481
0.511904761894	0.563229864391
0.489130434774	0.522460312444
0.515818664879	0.495491939087
0.535714285719	0.525905880336
0.548780487777	0.502211053515





0.542553191446
0.510386251253
0.490740754646









0.500000000001	0.521929097914
0.624999999997	0.546118795577
0.5243902439	0.542553191417

0.532025839913	0.531250000106
0.524390244134	0.579545454471
0.579545454631
0.711842171392
0.566666666662
0.556818181793
0.52325581391
0.559523809522	0.539563453985
0.548780487771	0.536716418296
0.499999999982	0.522667281813
0.527341377739	0.557799554765
0.535714285766	0.543582776597
0.523255814058	0.466193732719
0.562499999991	0.532608695675
0.554347826098
0.510000000014	0.561224488964
0.566666666556	0.520408163262
0.554347825883	0.575471698049
0.544444444428	0.52806431966
0.569767441727	0.519607843379
0.559654019989	0.520408163352
0.621951219439	0.559431559992
0.536892143853	0.497797563345
0.531249999974
0.563829787472
0.566666666658	0.509615384618
0.593023255818	0.606741060716
0.621951219539	0.55000000606
0.606838388169	0.581350145735
0.627659574501	0.510000000011
0.556818181755	0.491972309063
0.597560975554	0.482564546949
0.584945045055	0.516747699839
0.618835082468	0.529999999969
0.630952380953	0.557973680089
0.633333333285	0.546050638907
0.559523809524	0.540724539045
0.624999999791	0.548604265507
0.616279069798	0.52870008256
0.56641214134	0.542553191612
0.633333333327	0.540816327383
0.631629221317	0.493066994043
0.573170731935	0.572916666769
0.548780487796	0.545588230172
0.59302325587	0.563735055191
0.593023255827	0.552083332794
0.556777108857
0.576086956493	0.524404566211
0.562500000018	0.501512640301
0.5375	0.561224489794
0.554347826085	0.515280773599
0.523255813935	0.513511975075
0.556818181725	0.47914902641
0.563829787236	0.526070868036
0.521276595752	0.479889391691
0.543389273494
0.597222222234	0.51177880089
0.544444444444	0.499999999982
0.554347824282	0.500000000154
0.524390243916	0.522222222228
0.54651162724	0.489583333319
0.654761904758	0.514760046867
0.626995046235	0.563829787227
0.598995947657	0.525552627811
0.672468008176	0.532608695684
0.653846153739	0.563829787002
0.646341463431	0.528281367944
0.612499999989	0.572916666581
0.619565217436	0.580758048019
0.566666666634	0.55789224073
0.684638973422	0.522222222148


0.592673967062	0.500000000012
0.597560975611	0.562865099875
0.647727272749	0.522491492843
0.597826088647	0.576225464626
0.624999999986	0.559387208487
0.583333333346	0.509999999991
0.510869565206	0.487276844503
0.525248905345	0.490740740672
0.470337412805
0.583333333084	0.493054171728
0.602272727308	0.489130434983
0.646341463398	0.554347824796
0.602272727252	0.576086956648
0.5595238096	0.550096411728
0.621951219528	0.57046947204
0.587499999757
0.655555555547	0.514456105778
0.597560975627	0.525905690577
0.562500000248	0.540816326696
0.678571428536	0.529999999794
0.531023599694
0.548780487833	0.585106382982
0.607085386527
0.618421052594
0.5
0.588888888878
0.602272727203	0.595653990196
0.576086956489
0.541861159184
0.653846153676	0.57291666671
0.576923076939
0.549223817834
0.678571428578	0.528846153662
0.572506662169	0.585691932412
0.565789473683	0.555828170146
0.628687477975	0.597826085919
0.62195121954	0.589451199967
0.602714806933	0.539960559136
0.621951220455	0.576107845054
0.643946222167	0.558905721377
0.627325972225	0.573591942639
0.537500000058	0.57012138387
0.559523809615	0.605761912972
0.725806451625	0.548417598681
0.551282051263	0.501719321096
0.488636363708	0.511363637184
0.553165209148	0.509999999985
0.537499999968	0.469999999996
0.556818181803	0.489130434771
0.587713343629	0.47631232824
0.553176684864	0.561224489809
0.515994987768	0.509615384528
0.583333332122	0.50000000006
0.569767441928	0.492817515868
0.583445965976	0.510964310194
0.511363636377	0.581626854574
0.549244880363	0.51420873429
0.579545454488
0.532608695451	0.505780476011
0.540275054264	0.528122315375
0.52325581402	0.489583333447
0.534932012553	0.49545726777
0.58333333342	0.557924291284
0.556818181839	0.536893838241
0.712121212029	0.516352837852
0.614285714291	0.547585640832
0.561256025731	0.505958977353
0.559523809662	0.56423301637
0.593023255833	0.537735849066
0.583333333315	0.550000000208
0.583333333309	0.61
0.565012932435
0.59782608694	0.586538461532
0.541222462288	0.558823529295
0.511904762052	0.5588235293
0.588888888936	0.509615384612
0.566666666623	0.559759695328
0.511904762295	0.565316567559

0.510416666729
0.534090909134	0.53000000004
0.569767441971	0.5379552125
0.548780487779	0.56382978717
0.556818181837	0.568340184954
0.653356975565	0.499999999897
0.579545454555	0.520408163389
0.559523809534
0.573170731725	0.531011812104
0.587499999424	0.548076923059
0.587500000165	0.569454531081
0.630952380755
0.595902448601
0.577364892261	0.56545440691
0.588888888875	0.54723775064
0.529506069185	0.509259259267
0.513157894733	0.586538461504
0.579545454571
0.637434653771	0.54279951932
0.566666666647
0.559523809224	0.555588546169
0.599596886698
0.624999999703	0.570000000014
0.597560975596	0.609999999436
0.633333333321	0.556868951391
0.697916666591	0.57291666666
0.566929492152	0.544981860277


0.535404640273	0.522551874319
0.562500000028	0.521276595761
0.532608695849	0.528138467204
0.556818181823	0.510416666564
0.556818181744	0.53125
0.535714285723	0.515660094192
0.532608696137	0.4895833334
0.593023255782	0.499868836732
0.590865832162	0.521940762276
0.511363636683	0.529400096047
0.552017773685	0.453703703832
0.597826086942	0.526064589164
0.548780487813	0.479591836782
0.522222222252
0.556783872234	0.490384615365
0.582643311284	0.528838404235
0.494747338703	0.450000000042
0.522222222273	0.478982827935
0.488636363644	0.525540542658
0.522831368307	0.468750000064


0.489583333339	0.560863318751
0.511904761896	0.510000000137
0.465909090939	0.489583333117
0.511894981512
0.496282637277	0.489583333359
0.489583333343	0.519607843136
0.528486608818	0.470579169003
0.526154980929	0.486696912635
0.61842105263	0.528726821492
0.510869565233	0.531250000014
0.532608695657
0.54651162791
0.56122448974	0.510000000188
0.513103984272	0.592338696564
0.588888888894	0.531017251445
0.554347826123	0.513682388003
0.511276102097	0.496129176535
0.528699382213	0.500000001642
0.489130434819	0.500000000009
0.532608695645	0.561156886407
0.59375	0.548076923169
0.500000000068	0.488997458686
0.491482374975	0.521276595843
0.563829787209	0.521276595802
0.534090909089	0.520408163148
0.579545453733	0.497327328259
0.518922466841	0.530000000185
0.573170731697	0.522222222267
0.549260813394	0.494455743183
0.555065613268	0.571473470653
0.578802109066	0.5326705458
0.617394581996
0.531250001629
0.611111111113	0.528026863198
0.611111111139	0.585106382973
0.546511627927	0.563178057269
0.524390243914	0.510869565231
0.642857143034	0.510000000417
0.607142857136	0.559741041957
0.60227272727	0.527983166771
0.580319211184	0.521954548227
0.574844149972	0.482529615926
0.577741448029	0.539215686232
0.592936844936	0.551046517171
0.522222222148	0.51435495054
0.588888888757	0.499999999999
0.558013386791	0.521276595701
0.537499999597	0.506650449337
0.577968549707	0.530000000003
0.58798820749	0.512170284694
0.50000000003	0.542553191463
0.535728274055	0.509858627531
0.550069887561	0.554347826148
0.522222222225	0.48958333333
0.497510968246	0.463927865812
0.534090909111	0.528529874254
0.537499999978	0.572916666677
0.559523809536	0.558160775465



0.582887392413
0.539215686253
0.579755143885	0.571981542396
0.62180107935
0.579371662015	0.557827487352
0.614583333325	0.570000000234
0.602564102564	0.5585595939
0.662500000011	0.543896427117
0.677777777787	0.571949599365
0.548780487811	0.59375000001
0.60638297873	0.536608500099
0.575223639407	0.534807893195
0.53483931206	0.510416666809
0.585106382963	0.533313226096
0.559523809512	0.515410472807
0.632352942173	0.494672548403
0.523736077643	0.499561233838
0.546511797292	0.544444444437
0.5340909091	0.49825122254
0.500000000005	0.521276595777
0.580450330226	0.5108695653
0.523255814348	0.45876009488
0.574337941835	0.494957472091
0.562503843837	0.546346622843
0.568465823552	0.494895888269
0.535714285728	0.522157175238
0.525957601358	0.52127659576
0.592989544245	0.478723404235
0.556472912172	0.557711416611
0.546511627936	0.529649318972
0.550620303054	0.500000000004
0.56666666666	0.568467526975
0.579545454557	0.556621045535
0.56382978754	0.531250000029
0.573170731785	0.510416666668
0.574786464125	0.532886709537
0.53302985361	0.597120443746
0.573170731665	0.550000000124
0.573170731688	0.54255319148
0.635416666662	0.614583333339
0.565427809693	0.587044351863
0.62765957449	0.57068159217
0.537499999953	0.570000000042
0.569767441865	0.530000000061
0.593749999989
0.574387931563	0.58117372775
0.556562423977
0.555991044094	0.563829787121
0.509223372299	0.542553191452
0.562499999998	0.504233498841
0.518730472891	0.512432637762
0.52222222223	0.53121176656
0.559523809876	0.524955020779
0.527887626852	0.489187001906


0.5326086955
0.534090909055	0.578431372537
0.577363886004	0.556603773629
0.556818182788	0.527777777807
0.519937290897	0.539215686273
0.553682094044	0.503238469007
0.561224489792
0.556818181881	0.554330715091
0.573170731695
0.526739792963	0.552083333307
0.569096795565	0.519607843198
0.558860765598	0.545990988024
0.514764302332	0.539215687647
0.562500000005
0.611111111143	0.476148881232
0.680555556409
0.559523809524	0.529581234767
0.547117141222	0.504858296461
0.520408163272	0.478723404273
0.553095365097	0.544444444228
0.500000000033	0.500000000047
0.5108695652	0.505673310162
0.559523809471	0.475855090295
0.54651162779	0.496922582494
0.550120293984	0.521276595786
0.536629367411	0.527569943736
0.572916666561	0.506812411077
0.546511627775	0.521276595726
0.546511627892	0.492835238628
0.541180704637	0.511933286063
0.71231434	0.510869565206
0.556818181803	0.533371450373
0.539930025845	0.51180930511
0.708333333321	0.489130434858
0.443181818222

0.49999999978	0.552083333386
0.652777778312	0.499924507836
0.488095238082	0.488146057252
0.511363636346	0.479591836731
0.489130434765	0.447916667361
0.522222222212	0.476744185969
0.511363642348	0.438971680304
0.681818181824	0.406250000106
0.516876074639	0.47560975613
0.488636363628	0.436170212593
0.534090909099	0.433658399869
0.691176470707	0.43333333331
0.682159865379	0.489583333484
0.476744186057	0.499999999814
0.523255813919	0.411326832209
0.551562569749	0.449602581345
0.510869565207	0.418013033697
0.499999999996	0.516546771742
0.742424242422	0.412893502994
0.728571428575	0.462973636135
0.514671543454	0.49
0.704106036229	0.441931109391
0.523255813982	0.475438087385
0.511363635955	0.450000009302
0.720588235299	0.489130434571
0.681818181391	0.520408163198
0.728047547294	0.470000000024
0.53409090925	0.489130434827
0.750000000005	0.520389849579
0.51650173569	0.489583333378
0.556818181788	0.537675506486
0.566666666709	0.519442196714
0.728571428543	0.532608695638
0.583333333229	0.529316993804
0.556818181895	0.546565043493
0.611111111006	0.494559996082
0.579545453908	0.549084785703
0.569767441849	0.512522968739
0.58888888884
0.619565217416	0.515805125034
0.60241213353	0.544444444448
0.595788209842	0.534917752992
0.607142857138	0.572329287251
0.609677831215	0.587728718231
0.611111111102	0.564003614474
0.576086956501	0.520408166453
0.63258247309	0.540816326533
0.583333333394	0.536759361339
0.535714285642	0.488021347446
0.559523808906	0.511357888847
0.621951219447	0.520408163447
0.597560975576	0.537059504138
0.559523809522	0.586145196922



0.53125000002
0.542553191484
0.597826086939	0.569801408867
0.585106383059	0.520408163026
0.593023255853	0.531249999797
0.579545454511	0.531131095678
0.662790697661	0.509615384616
0.593750000011	0.539215686263
0.585133766401	0.519607843106
0.588888888438	0.529454265068
0.616279069802	0.556603773596
0.689189189174	0.500000000457
0.560059373622	0.531249999951
0.605031247561	0.54196440154
0.580133130474	0.554860231268
0.590037558662	0.531249999908
0.564893130703	0.569375504347
0.569767441844	0.548076923052
0.579545454525	0.519339471621
0.535714285696	0.528846153421
0.588888888975	0.529999999959
0.617622677985	0.533438848345
0.576086956482	0.490384615399
0.538854196847	0.549999999567
0.559523809601	0.520408163365
0.572216216211	0.526972560509
0.576086956375	0.551774664705
0.511904761899	0.519607843313
0.562499999992	0.519607843316
0.689189189165	0.528846153856
0.559523809484	0.57608695651
0.621951219441	0.581278808463
0.56250000001	0.581632653043
0.606946340284	0.558823529332
0.633333333362	0.569995460044
0.597560975615
0.583522894388	0.558803030115
0.714809578235	0.497890999968
0.541600504806	0.510072153316
0.559523809478	0.45192307692
0.586639825986	0.527089210606
0.534090909145	0.529999999892
0.717112442449	0.491268462969
0.541170300296	0.501879457864
0.588888888897	0.505153075236
0.569767441943	0.480392156827
0.569767441851	0.497372767708
0.535714285699	0.470217114748
0.720588234994	0.517402232864
0.704078454863	0.475857440948
0.544941704895
0.556818181886	0.534747345254
0.662162162243	0.5
0.703124999989	0.481308764088
0.665386908087	0.520950153175
0.736111111102	0.506132711525
0.579545454661	0.510869565208
0.600266848503	0.490367233454
0.566575110655	0.490000000008
0.607142857144	0.522222222167
0.5731707318	0.510416666665
0.619995886144	0.563829787208
0.607142857152	0.521276595794
0.621951219505	0.52040816328
0.609642044389	0.47959183667
0.644736841987	0.554347826057
0.570718606645	0.489350910535
0.602272727492	0.521818382895
0.598345577214	0.510416666676
0.579545456195	0.479591837005
0.612070646716	0.546510265008
0.583333333519	0.504986632393
0.561120598299	0.585106382917
0.595252909163	0.529105797604
0.603108868443	0.582467566987
0.646341463282	0.560925839942
