


0.50543466521
0.451968426559
0.444097147369	0.411867482073
0.43572657104	0.446040356585
0.607394053737	0.460804239309
0.359827178112	0.457766382068
0.577456272573	0.511560274757
0.601604581985	0.421607933396
0.604210332485	0.461610694382
0.448615423468	0.46201954644
0.576843925392	0.454187249751
0.437990277987	0.45678105102
0.588935437989	0.451114609405
0.364989922978	0.500767965752
0.321618654992	0.466845901218
0.32146158509	0.464971711353
0.51447407191
0.45838304011
0.354626118187


0.338245683245
0.302667019328	0.456340863942
0.334188349359	0.408011710669
0.511287526972
0.459212149847
0.464455621426
0.290479143559	0.610541154552
0.310717171915	0.612079492497
0.258111506814	0.653796025697
0.298673473861	0.438035295355
0.280023412307	0.495155827591



0.323853038952	0.513676755267
0.476045642616	0.511363232268
0.34644018705	0.464506344774
0.435366208825	0.407223478568
0.341427950434	0.472307632425
0.297289798328	0.399168684033
0.284378259832	0.399387959626
0.304428971581	0.443892146675
0.295718067591	0.449111925879
0.463543392451
0.278634348115	0.398645452292
0.280083264801	0.454134175143
0.388570151826
0.414340171691	0.434595491784
0.589305901523	0.384682336949
0.36105487859	0.435587381545
0.35982981009	0.386078117984
0.324861032799	0.617493610451
0.604860690418
0.325157079145	0.390244293171
0.328553991527	0.442943521479
0.330356320074	0.438591968711
0.317969943125	0.424252559683



0.2672670159	0.43380912745
0.288059628901	0.433394970753
0.310282638548	0.432604544747
0.32225094771	0.431966922311
0.322956353902	0.423172455282
0.646787092086
0.311794702402	0.417489450415
0.721708484776
0.533335602497
0.335397060632	0.594075269086
0.379423847731	0.632860710178
0.379879660694	0.630891943835
0.334516893909	0.442726498861
0.414113852415
0.332878100887	0.447823297315
0.321995762723	0.652581205864
0.398513151534
0.379242907191	0.649888488641
0.317335201881	0.678944111301
0.318000038983	0.630754326129
0.322767767513	0.62688678282
0.326391632918	0.624327249427
0.64235344975
0.321174436916	0.433517344886
0.321597534413	0.606094030121
0.305035951707	0.466349721531
0.48364061372	0.44387447537
0.320817667444	0.441372397114
0.416606000339	0.510099865463
0.410729663604	0.50163326468
0.375954655952	0.492598689155
0.372597203342


0.411574996353	0.433165280162
0.402658427693	0.520146993474
0.468145731836	0.453160213103
0.485373047348	0.449234846426
0.474850168447	0.516753652619
0.408021638532	0.439292897064
0.305045051011	0.517181104919
0.488018608844	0.440251105833
0.38101924636	0.438956026631
0.319512966052	0.495536346228
0.40879272234	0.499304985312
0.37781903754	0.444950630438
0.319789981197	0.433093037664
0.378618723885	0.45487562873
0.380198254857	0.507584418522
0.333622574457	0.499583787431
0.368068493803	0.504949388127
0.367580801781	0.64664172798
0.379881350994	0.494425078614
0.319927235809	0.488270031802
0.431961708182


0.299762672951
0.491177196699
0.29383829154	0.502979040153
0.292082132459	0.661687553302
0.368523663172	0.519552054129
0.319831217728	0.438928302689
0.290277442911	0.66091742075
0.427056014903
0.611962776661	0.504802388169
0.404219567269	0.494180517356
0.296593855707	0.420643118795
0.372259459335	0.416410573479
0.316199325412	0.407813836397
0.331410697901	0.40547048988
0.325114906147	0.42598858327
0.374592994297	0.498604687063
0.380628479031	0.504218356883
0.336703583261	0.485154282236
0.382280477272	0.451608062221
0.338341131893	0.629298073862
0.381814716775	0.452554119922
0.383219206391	0.448522028638
0.492144715639
0.445471264566
0.381962582402	0.498564802646
0.383694041	0.678753991988
0.38024357925	0.462000455753
0.348280367037	0.64927559859


0.748780020062
0.313172206112	0.714094659229
0.648643229196
0.385116632967	0.402489071539
0.340773640542	0.52035110026
0.333243955686	0.460096161203
0.319729069315	0.484019982695
0.321313644595	0.48000474593
0.318693357289	0.505767008768
0.380164283441	0.499202990235
0.337319390988	0.619858574791
0.327404894354	0.433143986812
0.391780029829	0.449209343912
0.351012904509	0.434056300009
0.327253939134	0.450543260625
0.32736674724	0.450212378635
0.50918943775
0.331351016589	0.502849890842
0.384105561162	0.508753114618
0.383094986974	0.400001176151
0.383967476095	0.44028324724
0.29403598393	0.457660700625
0.392669443963	0.43407531586
0.472033441729	0.42396283962
0.400013434812	0.43171852246
0.41700387077	0.44258384603
0.335665014887	0.484678297634
0.379499396425	0.455963592954
0.323745760571	0.48268783742
0.389271567488	0.49292251267
0.391669554023	0.483359088124
0.37994054071	0.451913959618
0.318812260742	0.494189493966
0.380967038505	0.449792897823
0.333668881495	0.45820748647
0.322970683778	0.434079789228
0.318855550746	0.430227732587
0.32678171501	0.425150514008
0.377254854046	0.470979720344
0.315448435911	0.422331235549
0.310900298521	0.433290838513
0.380295743578	0.600487790214
0.320474557391	0.437485571895
0.316350050463	0.649551050869
0.316557879411	0.478493092936
0.310361757627	0.504723330897
0.380653007653	0.439404250953
0.313734626507	0.453145613331
0.316856789313
0.308856092675	0.485884112884
0.31092207969	0.441707697944
0.316856789313	0.444499163411
0.314985349845	0.446281433006
0.320034409057	0.644411958173
0.318850248426	0.439517426296
0.318293198481	0.435429865463
0.383196602225	0.444200324107
0.319830321011	0.483860006895
0.320601430321	0.609746560374
0.317500631191	0.424553220219
0.325681563289	0.486346269891
0.380518505766	0.39446184182
0.380293474645	0.444643117605
0.334700063651	0.391849909117
0.334008344531	0.380124922283
0.381332852044	0.393026350436
0.38263832635	0.428977778425
0.321768078597	0.489254827138
0.318632553275	0.42735980484
0.380967038505	0.440727929745
0.378820546887	0.437195223085
0.381371516219	0.436623070743
0.310270541723	0.438455158947
0.378940292829	0.43533530061
0.375400237578	0.510249087628
0.671914663855
0.313670388571	0.509498152645
0.374704864422	0.434117325187
0.31572344635	0.43153082057
0.379891493766	0.510829998351
0.302487511242	0.432687277837
0.377864285549	0.430694686199
0.378304309744	0.439491496634
0.318236258853	0.432056789855
0.439205971916
0.316227573815	0.43959348133
0.31218246701	0.473129335131
0.375899678736	0.439454527581
0.318457499478	0.549486509588
0.377280780733	0.50375644567
0.377993669753	0.501715413704
0.315466286772	0.439259871408
0.305434980542	0.438122005838




0.509508052786
0.287808537316	0.43424054863
0.286183310547	0.429145989524
0.302777154601	0.424878525806
0.304313793195	0.432317987017
0.333536660929	0.442794302461
0.316896044002	0.435937877713
0.307667460237
0.268488240213	0.503366210784
0.588472137674
0.320792191514
0.434265551541
0.303022136192	0.410705848508
0.302064961559	0.43258595252
0.434165183302
0.31044324163	0.416776964161
0.321279502777	0.429432280911
0.320340695406	0.43323653483
0.308236050083	0.428748630904
0.308410946931	0.416313149692
0.303245871016	0.514621701352
0.282097025932	0.442548169567
0.299524861418
0.29874467738	0.511912705033
0.285974244923	0.441541832783



0.669724390657
0.307732276158
0.298081613213	0.504362601091
0.276779939111	0.435139613311
0.312287477491	0.432864965065
0.333379165271	0.446260834821
0.340983845265	0.492788193418
0.324229992904	0.541729912332
0.319450076335	0.54469145822
0.390689339707	0.447743328369
0.383368127208	0.489686880001
0.325819445126	0.432516826122
0.446896561778
0.379884731732	0.503543993896
0.381836815717	0.441412011253
0.339211095763	0.428570665818
0.381024412186	0.444113135625
0.440481854443
0.34011296248	0.395902375608
0.335886428797	0.425807436244
0.333603564811
0.334998406231	0.428425355989
0.335320417288	0.44495501766
0.337860151807	0.434976657627
0.323101438671	0.424236712689
0.439447160609
0.324556375702	0.441098838356
0.383306727781	0.448446145442
0.336322583012	0.439420975559
0.336454707491	0.505209209663
0.313628431923	0.441084536212
0.30358778188	0.512931405458
0.304851503216	0.435661753298
0.301040712299	0.435952011174
0.300472364685	0.441135254781
0.432285466639
0.511582204015
0.487524264835
0.323171860444	0.510696987666
0.323453580782	0.495125420785
0.380165981566	0.500808127204
0.326853133107	0.427505188681
0.335108763496	0.431897895125
0.295621256293



0.732097548352
0.482961354763

0.319476116414
0.299430693124	0.490037290257
0.311331763362	0.436758401791
0.313051581798	0.437551234141
0.307396395174	0.659840693594
0.305775198752
0.326203975567	0.430881249413
0.299742194457	0.427468962694
0.308563997939	0.432756351787
0.334836579671	0.446410548249
0.319678053469	0.444378159646
0.319673803902	0.441632083203
0.318007237823	0.440369806004
0.382159318958	0.441098911088
0.30176105701	0.442782355772
0.309226450834	0.662753969809
0.307587065086	0.433745027889
0.30907332851	0.380310679859
0.306582513207	0.44386043701
0.38617420369	0.439329581301
0.336237702308	0.448843920201
0.378324085609	0.665148265781
0.322545150963	0.643801028711
0.645841051232
0.33256358243	0.514826423389
0.333382734348	0.438731345476
0.303950248769	0.441816448507
0.300064671983	0.435830882646
0.381836815717	0.448470740552
0.313251628721	0.636209992165
0.313735851385	0.639721956944
0.371909525657	0.644471657703
0.382482354647	0.443745255472
0.370197913188	0.447295596599
0.322956353902	0.637715696186
0.303782385626	0.446429717098
0.310234434328	0.658750371898
0.316227573815	0.429451892425
0.287158496339	0.447594836809
0.317969943125	0.433289035123
0.333295758191	0.440390211332
0.332670249144	0.447876328279
0.384240935208	0.428772396369
0.496292491902
0.342293484571	0.501857298124
0.332487147941	0.442290250632
0.43514135765
0.335306851275	0.439032171373
0.299452587184	0.421389816652
0.339423915191	0.437780655616
0.34087927422	0.440796528629
0.334919691428	0.492022486398
0.320575622087	0.425265311509
0.267947534377


0.239469727308
0.307996032051	0.495655635188
0.430280061841
0.318169249145	0.433310825393
0.334456321093	0.43651488186
0.331628828281	0.435935794312
0.332160444468	0.433406147009
0.334736197746	0.492997122877
0.335916367627	0.442936094232
0.323763826483	0.442596793556
0.334768426846	0.437863320056
0.300710080226	0.432849008385
0.380528184639	0.508766236476
0.379931517653	0.513316488488
0.301075001954	0.510598048006
0.483387817393	0.513545626779
0.426532334217	0.51569430284
0.466293012796	0.514460123216
0.376953172726	0.515372439644
0.375043244124	0.519336728478
0.592152791494	0.514152001289
0.368273746056	0.437433424259
0.3418791134	0.511097667536
0.589798878335	0.502354876669
0.329667992453	0.516710108896
0.324949422008	0.513557752946
0.438690940663	0.513536472134
0.398497944782	0.509271932886
0.472198290649	0.447151887934
0.395371356128	0.512316170198
0.295124489548	0.437017525232
0.464570182239	0.499924311156
0.399083962224
0.395112526301	0.431276732256
0.433556531704	0.428081796152
0.43298328179	0.43983217074
0.465590573495	0.435157488048
0.480325269083	0.43340778782
0.476520771085	0.443015709206
0.475514251548	0.440516210354
0.600967576594	0.490901315732
0.399814439974	0.505684541203
0.378469852644	0.459011334953
0.387047702473	0.474866837174
0.467979242907
0.472342040268
0.477265049305	0.552627706966
0.380826126817	0.491984675605
0.391649036007	0.534662666804
0.3749864598	0.489223468099
0.580384426662
0.490957959531
0.383315665601	0.425650217954
0.339526215041	0.488423877063
0.370013135918	0.427502352064
0.360891402349	0.509498305674
0.363482278784	0.512408206537
0.471282953823	0.437269518037
0.298818203419	0.430159986887
0.507120873013
0.652169111956	0.432667341976
0.402244760581	0.423126024952
0.405374648606	0.435352265531
0.402212125835	0.518608205477
0.601712160077	0.417756964076
0.601614178422	0.513853820191
0.600616126397	0.499864012116
0.608275641645	0.427490773641
0.604643103156	0.496532439643
0.59038029373	0.491696695708
0.601553458888	0.521644516158
0.60010025769	0.442975276027
0.607458542179	0.517021415788
0.607084188069	0.517032064736
0.603453579295	0.508692045829
0.609235569849	0.505430928976
0.664298607699	0.442571560253
0.62611909759	0.50058303148
0.625820120381	0.516844346107
0.612740476913	0.500830339722
0.605952020516	0.500375999565
0.599921866601	0.50035171332
0.607430106424	0.50397407797
0.622323577344	0.524078128616
0.615959600974	0.513580001697
0.593573474168	0.495717559452
0.618667147956	0.500755889471
0.606871204189	0.518786393658
0.615788098894	0.50188821952
0.613151186049	0.509748695601
0.591465262152	0.49749177383
0.621274640794	0.496818063413
0.620932500455	0.498936167307
0.595601139242	0.500521475443
0.59836573121	0.50044453499
0.61816667412	0.502911222578
0.62770274201	0.497145990229
0.614554085234	0.486558622063
0.601962804192	0.514155310356
0.591178249407	0.495221111051
0.602318570739	0.512031293651
0.618920458621	0.500910377494
0.618635410499	0.496910123459
0.615664608089	0.494307989764
0.613901329515	0.511725668985
0.609774634818	0.495139187652
0.491276056546
0.619120639668	0.499483908407
0.607256400338	0.512139209045
0.611616772007	0.510787297687
0.599031832111	0.447008528479
0.596276774173	0.536252179378
0.597271283024	0.506365507709
0.404833195588	0.50821424168
0.492203816425	0.513856197141
0.502523173402
0.44633372597
0.593832584905	0.445944332467
0.49817967528
0.553938750163
0.4422507039
0.444772664348
0.399718454432	0.450357666515
0.349098262971	0.550149639192
0.350644701493	0.504121310997
0.353622496365	0.507760843622
0.346430730773	0.507400516004
0.346091561232	0.450612836075
0.392262090783	0.441135982615
0.348344200572	0.438175155508
0.34935843953	0.437607980048
0.346189945902	0.429926690362
0.34449075346	0.424875670815
0.395823258598	0.428289002686
0.340685525351	0.504276725659
0.344878074523	0.439326648957
0.396448092226	0.554841376775
0.34063509818	0.503725360734
0.335997698121	0.489800393127
0.421312411409	0.498950806079
0.382430648143	0.54071334177
0.434155522949	0.496346238641
0.433292310502
0.355170532398	0.501247556648
0.355049070108	0.441732928779
0.356160211019	0.447924291062
0.350889071016	0.500303751374
0.445491518549
0.331317469289	0.502017511822
0.350015285113	0.494034746609
0.334995593386	0.439226055464
0.684801328025
0.340755540036	0.630772289983
0.328373866211	0.437462202017
0.326775497531	0.473269909508
0.32974022429	0.445338878745
0.325914634176	0.593495934959
0.618409393038
0.339439550841	0.59861238766
0.335547776254
0.294050399302

0.2951710352
0.296871927006	0.715778277052
0.327085832562	0.681879259336
0.332379421143	0.610908221102
0.292934870224	0.515130808582
0.328282489641	0.484754274391
0.333943801959	0.481571902425
0.334516893909	0.690749782007
0.328717581389	0.660947740595
0.337991839251	0.620613027359





0.274168764425	0.289163076855
0.289615755684

0.369481942132	0.286079588349
0.269582626606
0.272658631335
0.276791549837
0.328375903881	0.429114818135
0.320817667444
0.657914181637
0.633871015092
0.334008344531	0.711491166181
0.33764554383	0.615188601588
0.313978501942	0.431874319066
0.314291218829	0.498254044001
0.284087441614	0.414627831671
0.335012472242	0.433947549351
0.328040525999
0.327362983902	0.440347123447

0.329084951591	0.628434034687
0.691198860041
0.3247587632	0.426258871891
0.293954601243	0.277026317857
0.274361988023	0.634356990008
0.441443429529
0.640276935353
0.32849547102	0.432728978883
0.325184808559	0.428902922558
0.325676670401	0.429456434236
0.334311114961

0.291371977219	0.41431826141
0.322005951471
0.302344706331	0.334946668881
0.321802008743	0.431792265575
0.293299158617	0.473727742994
0.325950733479	0.429916295325
0.346197499285
0.332427308314	0.436508628804
0.603524229075
0.330613945536	0.44637641673
0.327116570486	0.44287212181
0.384391772549	0.624934633797
0.325919790027	0.603879888057
0.289673947628	0.601238071884
0.289237943359	0.415447339847
0.417400653033
0.413673032917
0.282320142357	0.423008820664
0.340682574567	0.308817937896
0.28884578339	0.48305706822
0.338174195234	0.440113003389
0.338201684383	0.428105338759
0.443154727518
0.344403793648
0.634776416148

0.336726674482	0.686973113359
0.33209254851
0.323757170053	0.33604397243
0.291513532648	0.464365045099
0.337933605922
0.288537507773	0.318808876439
0.480591861697
0.33153582877	0.393668203505
0.332705299105
0.602831130031
0.613508274683
0.615212091062
0.330047431153	0.658057834212
0.332948983781	0.646335221134
0.327754500674	0.65833954365
0.339521096302	0.65805978599
0.330443223266	0.709482683173
0.340717207824	0.627578870125
0.337719347076	0.64304040133

0.316884404625	0.431391441707
0.332167183947
0.329041974646	0.424861522655
0.323608998268	0.490532620812
0.332218965855	0.598221623046
0.334033569129	0.620338649521
0.330439019905	0.62275710133
0.324837232411	0.433922077101
0.331519006498	0.603598504491
0.603181332288
0.62451088324
0.329728266865	0.610147701661
0.619727384989
0.329237524083	0.444195294605
0.344480764339	0.385673820402
0.495148994323
0.334998406231	0.491067696392
0.325410547753	0.424285900671
0.332113017792	0.432987091141
0.324602822507	0.608848573922
0.621727006288
0.341179796808	0.604569420035
0.435246063814
0.34067828498	0.42491074861
0.329367433515	0.61011847367
0.454596490704
0.335738642907
0.331195669363	0.377899820806
0.328806735201	0.417641024862
0.326888746223	0.417695753544
0.332485522627
0.323025917729
0.314356035895	0.42516162638
0.438820750739
0.311732608194
0.380146738881	0.433609944749
0.320531620468
0.404724851605	0.437190042529
0.382162242663	0.496431556453
0.381396920876	0.500532627935
0.49803160547
0.331723368901	0.419838599713
0.317595748644	0.480557136217
0.322969509083	0.425427653606
0.32077059006	0.42011056208
0.324175670453	0.488963758966
0.317582740565	0.646787092086
0.312647651729
0.316534613161	0.439153105826
0.319954181492
0.389859916164	0.605615568571
0.319503818842	0.629193334152
0.390285373687	0.497494090234
0.389075316454	0.608038714844
0.333749742323	0.628898516004
0.322338165363	0.437099578895
0.323800448682	0.48939851885
0.333618386359	0.424139159061
0.324235978249	0.454986568317
0.324682073058	0.432124101099
0.325320939336	0.434296851066
0.325287123881	0.418775863886
0.318679032534	0.430630661726
0.318727749206	0.49695232909
0.324724265877	0.439642670366
0.327045869404	0.380257344623
0.643440211547
0.308475813136	0.715219357815
0.320206874997	0.434486326969
0.318253773584	0.439674446409
0.314155947252	0.42934873216
0.321514723763	0.502862550159
0.317341249612	0.439205020752
0.453909053636	0.422788285115
0.313474781381	0.576363403607
0.422044057517
0.321270798253	0.427281749535
0.609954798009	0.487501249501
0.594971252618	0.417872698773
0.424001668965
0.426455439688	0.500479169091
0.343640275874	0.439630327263
0.426586370212

0.430798891599
0.344640508343	0.433873503278


0.700950564655
0.292382944763	0.437037219774
0.439274909603
0.320276798349	0.530414040407
0.335405898672	0.50156629118
0.336141696892	0.431248894975
0.432393189419
0.318169088548	0.475192728907
0.330125492207	0.427237419092
0.334976081134	0.496023881382
0.591315964379	0.545919361517
0.421520091455	0.425589035605
0.430075236063
0.338832026003	0.424810153424
0.343452125183	0.428160185458
0.422957086741	0.494980635547
0.318805857964
0.413046871593	0.533534725664
0.388642022204	0.501874502994
0.323371752661	0.485291482008
0.336254907708	0.420024007593
0.312809961041	0.418400597971
0.312476695157	0.499866185699
0.308824131069	0.492964619287
0.325731114154	0.420861447656
0.319562739835	0.422162636103
0.338286374617	0.434857262999
0.342820334693	0.425713042849
0.340411085925	0.431012747222
0.504529444371
0.414278378172	0.426319490518
0.337003729495	0.430992836557
0.413829574903	0.488822635769
0.348267040664	0.490782928541
0.340642848293	0.499543250395
0.338444560524	0.422364303594
0.346398521141	0.447716526108
0.479607380793
0.339224436207	0.431950132145
0.349931569856	0.444697426966
0.343353598729	0.436366845081
0.341769806778	0.608361251133
0.342704829687	0.433973644986
0.339637744939	0.426387935384
0.348152442933	0.436112445863
0.393006256992	0.427086879951
0.438287791043
0.337813113316	0.443523902556
0.428181884533
0.444997527001
0.431522373508
0.324864537125	0.493927152468
0.443217997096
0.328439357451	0.42383981737
0.344222623265	0.425532463934
0.334622159156	0.499429626796
0.336630249647	0.440891649979
0.325717537003	0.497161341493
0.337600245222	0.444025031438
0.384647048456	0.43850718714
0.34331949779	0.49786257507
0.346289558218	0.50761099311
0.343784211977	0.430794498758
0.410781123942	0.429361559295
0.391224745328	0.434431615381
0.346276321897	0.426787478135
0.343812828676	0.444352787559
0.335106720788	0.428790421125
0.32409558342	0.428601610252
0.393252427232	0.431534882233
0.342273790243	0.437008836416
0.437080669918
0.347465991498	0.444956099011
0.450219702799
0.326353317931	0.492456615816
0.563825663296	0.47922961303
0.420070184906	0.422097578083
0.428286402781
0.425522144218	0.433484165985
0.379508672339	0.420798141945
0.422566397916	0.425298807322
0.553303332164	0.489394959896
0.486947752591
0.41299060365	0.497504131036
0.322390084716	0.446025347243
0.345576430803	0.44316815598
0.33674359389	0.444031605202
0.591926253885	0.486999675306
0.391383498562	0.434146890832
0.443945534896
0.33947352597	0.449730145902
0.3480111398	0.488732654521
0.353231547957	0.4306973295
0.431862513107
0.331203640725	0.426266085724
0.335645129395	0.427670700593
0.345152336546	0.486971422869
0.341066865974	0.65300605949
0.697984215244



0.431169446565
0.440035234963
0.26967947718
0.321905521073	0.427976251371
0.434709115616
0.432739369925
0.310816379755	0.451527660244
0.311260498525	0.465894603954
0.320173067307	0.436710157984
0.316133953756	0.427189444902
0.314713347017	0.490372787327
0.376650274254	0.438199812271
0.315508097404	0.470840852997
0.320757405229	0.484654290042
0.316124408042	0.441936588148
0.312881865712	0.452042182371
0.312168069407	0.440134440319
0.375642880269	0.48900837159
0.377091979702	0.554464952725
0.375220179118	0.490334869424
0.492486411274

0.378223623767	0.389292954489
0.389048242936	0.480204814417
0.434059057438
0.340853771613	0.436910402085
0.32241920511	0.60598012501
0.324667613071	0.536353861035
0.317522069576	0.481602837766
0.317827716099	0.49181816062
0.481424190991
0.39165568972	0.663527540735
0.320903036931	0.450103183825
0.378500149238	0.434131655039
0.29009996793	0.507591123718
0.314544085728	0.441360787722
0.418717238364	0.439086969
0.40850666517	0.515141554773
0.437737433467	0.441426865079
0.395933617131	0.43585972701
0.437264936428
0.306749203825	0.435987839264
0.312611815266	0.436002388859
0.313093786685	0.429489348062
0.420038544679	0.435951157823
0.311176324318	0.443313898959
0.512242746239
0.436886641218
0.308939302476	0.433571565059
0.404311836528	0.436183173625
0.402618418094	0.498366487233
0.440854432935	0.436985953803
0.322199600596
0.423378670049
0.3156273695
0.322211911021	0.447492503287
0.315356736505	0.487509182666
0.321343217685	0.625285358479
0.319750561302	0.489595824242
0.321174436916	0.439446776117
0.323872086345	0.53903165053
0.325841267759	0.43787824268
0.321574521181	0.427849040443

0.317413865012	0.443628005337
0.314100358656
0.312443760763	0.439461790392
0.31617045214
0.314026517795	0.476288769941
0.316952070028	0.429778143691
0.403380264296	0.444465199953
0.29145868709	0.44177624299
0.433964826538	0.446483646024
0.393863684893	0.443056889623
0.410604941085	0.435208042562
0.293943128358	0.391726364442
0.316542509973
0.317141746837	0.447571276309
0.313101288056	0.437167879733
0.309356335499	0.44027220048
0.30963914551	0.437828336068
0.399615374765
0.296813679041	0.425461712823
0.295679042391	0.518106011824
0.40391034852	0.388919507501
0.29652094257	0.433595461573
0.313158285365	0.423587777228
0.311747905922	0.423649722717
0.31314347357	0.417119357022
0.31559242834	0.388259849857
0.411673764709	0.438584584735
0.453128140641	0.512392132701
0.31705737972	0.440063497218
0.322810645354	0.438120453672
0.357281920256	0.434100063279
0.3123143891	0.447340065749
0.312767178055	0.414181287879
0.312647651729	0.528340865891
0.321403550593	0.43426914701
0.319701990277	0.441327678394
0.432898205062
0.396712000277	0.437392275833
0.415104449523	0.438195969458
0.320567876244	0.435819302015
0.324556375702	0.480147518563
0.315575385353
0.316715191814	0.379213530934
0.319053583378	0.383176505617
0.316938971626	0.427932088892
0.321470370185	0.43270547194
0.492146876848
0.316055083343
0.315575385353	0.488493839642
0.31890085851
0.313311464911
0.317968852949	0.465445345132
0.426795426902
0.31377803221	0.486660221458
0.31673745056	0.436626271135
0.316664709001	0.416260902105
0.31538043622	0.429863158996
0.320601430321	0.499818504836
0.315459565889	0.425242220746
0.313885028577	0.424532695165
0.31749002281	0.437071668746
0.311107604707	0.444544057671
0.320325336484	0.495733145694
0.316364098555	0.431424114749
0.338523794958	0.536825214208
0.321739239952	0.463974323578
0.423935972152
0.33371106819	0.441801834741
0.321975852827	0.470664816292
0.335596673444	0.42445950951
0.314317415567	0.49411789337
0.319215319724	0.501500995526
0.31411064936	0.482055775905
0.288273336109	0.42052475023
0.411776904165	0.446758370984
0.403724579138	0.433721905778
0.409727952204	0.421720896644
0.362008473431	0.432488210253

0.759081026147

0.47852066008
0.432244917777



0.502528439857
0.325925437367	0.442802816119
0.486172435611
0.321934431437
0.320006307238	0.53946423225
0.380209582829	0.440474965252
0.327068845301	0.381564445802
0.319560060483	0.424007852757
0.31339612798	0.42842576148
0.410807649343	0.434076048357
0.319053140194	0.42700309945
0.335280574989	0.44225647611
0.345714747308	0.489809257752
0.506691172102
0.345766991243	0.438507322034
0.491688296574
0.432436764358
0.347291308324	0.423989380341
0.420511547733
0.424999885175
0.289822926014	0.422601513563
0.347436845431	0.435567385294
0.499756737903



0.268308879095
0.293108499376
0.512910725063
0.496444697768



0.306674438597
0.642521128004
0.494030132626
0.436644639827
0.382492977799

0.436948244326
0.501724361945
0.607530768941	0.422291440918
0.431488285234
0.486435764879
0.325042653363	0.475365866452
0.60549641798	0.445439749865
0.441151507449
0.554089937868
0.489284172547
0.496487490398
0.501970749101
0.500583053727
0.541459795245
0.495918124825
0.550609785444
0.328695823377	0.490860477044
0.432741966146
0.576146411984
0.599088060191	0.427883063511
0.503586448494
0.493221521574
0.381836815717	0.506521824105
0.497358109254

0.33153582877	0.503965008297
0.551235421085
0.392356233618


0.283422634845	0.702076678949
0.445552928663
0.451452666572
0.382044819617

0.326934598013	0.636558897582
0.320163604211	0.43490391133
0.323998889573	0.429177878871
0.325658814395
0.328710925245	0.481706860032
0.32754386351	0.435199615072
0.489873554423
0.492996780508

0.334574824551	0.485302944332
0.382089191907	0.48792750562
0.380967038505
0.484043094509
0.320508970571	0.493019344035
0.381721755914	0.479170968717
0.323403904385
0.332782256248
0.321401026074	0.381802719187
0.334685783483	0.496584643931
0.317810094883	0.463225047063
0.33641015797


0.402609761037	0.423405738215
0.42528316275
0.613080013805	0.515189950561
0.302452488201	0.433287261769
0.631270718618	0.513616176372
0.556023392222
0.383090237184	0.542437643068
0.318485398262	0.485963409219
0.320425006315	0.447583361902
0.313617653155
0.315976305684	0.390344929454
0.319678053469
0.323022390796	0.43566297433
0.381572152824	0.432359987901
0.315739894358	0.447428580159
0.316700855961	0.396929140176



0.283708542622
0.444268563056
0.317314470945	0.44401321323
0.319190667983	0.514583102351
0.321291874311	0.647286951221
0.45561545893
0.323931406071	0.446580148908
0.664090334138
0.321746621462
0.316676470664	0.43857926132
0.452336049357
0.317714672799	0.452930254019
0.326342445417	0.436839375174
0.382806223072
0.333506672349	0.48401616261
0.443115100551
0.325456616158	0.441546766764
0.330617106302	0.434491132163
0.29452240056







0.280490455883	0.502801486992
0.295264156992
0.297877677658
0.313172206112	0.42941547866
0.311225384326	0.382803014258
0.325936979067
0.324944340396
0.323935696282	0.49935669363
0.322565464418	0.45311593735
0.320722182636	0.456050359711

0.520398479325
0.314659369279	0.441018112542
0.315568443156	0.439834350418
0.315830219487
0.315873948507	0.442604967027
0.518765046435
0.446556898632
0.392830760287
0.382257046333	0.440948207655
0.317527484395	0.489955760284
0.31890085851	0.396102796855
0.382124829786	0.665899928002
0.389640500901
0.323274682006	0.662213001215
0.307587065086	0.642974176028
0.331699466192
0.324188110469	0.642339675643
0.666282847773
0.50978090111
0.333261766822
0.304595212357	0.435352257494
0.29425397581	0.507047305795
0.266035738213	0.562770661705

0.382692568216	0.646306836538
0.315203624663	0.679666370418
0.324906119681	0.40294844119
0.328952249703	0.391558247962
0.299303246028	0.393161224772



0.452356978661
0.308366701665
0.321365692796	0.662038533738
0.322045563379	0.4828979029
0.320351765048	0.498627052156
0.327167581629	0.389697648987
0.322728194321	0.666253661504
0.304472171147	0.72393800904
0.32057036955	0.448556051137
0.321219281476	0.392768919595
0.449919237573
0.320194476862	0.395668080317
0.316253708886	0.390660777557
0.317968852949	0.452024795662
0.321574521181
0.30184167387	0.64235344975
0.389439106824

0.64464029865
0.321857672943	0.451413912608
0.382014478144	0.642158372195
0.314385170767	0.444786416055
0.315122497957	0.704734046843
0.319475046742	0.447426199889
0.320547933138	0.44597149867
0.453235043075
0.678136810086
0.400450198742
0.323068255428	0.665398505114
0.308375309262	0.441825564609
0.442775534341
0.334266863568	0.4937664601
0.323354028535	0.639107714131
0.328108735555	0.427301088521
0.47499865879
0.324254176986	0.405283411168
0.326155418609	0.433303621117
0.335055251166	0.425755555461
0.279274518331	0.428941454807
0.31107758356	0.480164325644
0.323069310537	0.378966679104
0.326861100828	0.403415262694
0.328538353131	0.678638267413
0.328243075942	0.669695794641
0.326959031913	0.496638461377
0.382359036358	0.627861648471
0.445060774704
0.323831379131	0.626604072661
0.321835494106	0.392376297662
0.322486346747
0.395281810264
0.64445959519
0.442465670473
0.437193664104




0.440331293468
0.711933472212
0.308918868289	0.435628451838
0.331099291257	0.714743981724
0.327688920374	0.644281572177
0.316352178772	0.651665989305
0.324822980393
0.327900774531	0.491889699767
0.332010465164	0.693426873793
0.334933740821	0.490700623069
0.336455857551	0.4923662586
0.385120929796
0.324325103486	0.392129427839
0.325223917797	0.44698625901
0.339117658955	0.707850572956
0.333540513652	0.642393443674
0.325143537888	0.390359434641
0.28958697259	0.383709098526
0.384563053697	0.630865255539
0.327711361774	0.664419315582
0.32490877991




0.305535423298	0.44455027419

0.311640619289	0.440927119643
0.313678884671	0.383388711316
0.309142226481	0.381830282548
0.309980215696	0.662623567481
0.277426144912	0.429787715704
0.310011327685	0.429163193498
0.307170795813	0.423477999374
0.431333090658
0.24343065297	0.428729697669
0.422136680167
0.291166889038	0.425092704723
0.655745367948
0.453171320158
0.369142883073	0.44251819321
0.451198949673
0.447462046156
0.446514293952
0.718437149666
0.406333178218
0.450361303768

0.438401944828
0.38142309882
0.334622819265
0.271104914749	0.498344531704
0.315200087697	0.64175056257
0.643244495476
0.298478978879	0.638120295982
0.656406394182
0.38341944015
0.442741618703
0.44067504977
0.452886084759
0.446622278805

0.663907219022
0.451237927156
0.445373421145



0.662083516143
0.447168547593
0.332448603951
0.447793057157
0.374565211544	0.441462469833
0.322300982214	0.441149276644
0.453587788728

0.712694492238
0.296980652575	0.445662193319
0.309325089279	0.437249475996
0.294409327374	0.660097380995
0.291538457404	0.435286527919
0.318520288089	0.436478249898
0.373598645629	0.437485345966
0.289289662751



0.286863160146
0.299686046578
0.438972429823
0.302006043947	0.437873577822
0.332693070282	0.722700842807
0.317544445764
0.310145004202	0.442022404891
0.307589191948	0.646029747903
0.312226916638	0.383670872697
0.323527216954	0.38753139343
0.334478645676	0.439266402438
0.324182129403	0.435983713719
0.323413836716	0.490445634341
0.323477722627	0.443924819048
0.322371920005	0.428322387863
0.332691711663	0.437524857407
0.380301983577	0.500145650755
0.379891493766	0.427239499973
0.31850649482	0.433720392317
0.425132587869	0.405050761118
0.380983097736	0.650379815603
0.335552314344	0.672017474204
0.392263930648
0.33446636623	0.455669186035
0.334429262567	0.392914087663
0.663958027743
0.42164186321	0.4400022125
0.383550902721	0.731511759787
0.666672221991
0.380767794634	0.62921491241
0.382128920706	0.646818943098
0.332868019827	0.501953292703
0.380165981566
0.32290962693
0.379656946885	0.64655693633
0.446193673583
0.382110221589	0.445004337042
0.373470502995	0.66235738318
0.599873440171	0.66828272875
0.413439289955	0.526185964136
0.436028846612
0.629228434384	0.52495662737
0.528169878132
0.614227967347	0.658401142935
0.498884444219	0.523573880954
0.411495655656	0.671181984002
0.64529047291	0.592335961842
0.63919102304	0.4395823775
0.424603292085	0.516003157288
0.368059045688	0.395163143224
0.484237430777	0.674365638153
0.405018351877	0.446102958006
0.28924354372	0.457221052588
0.416879251543	0.517799800187
0.425999369154	0.512179831095
0.363679072394	0.427007300729
0.40360160239	0.513849370377
0.419791594249	0.495020476681
0.441790025309
0.413756451743	0.435553388868
0.408054180873	0.442472179727
0.411277895661	0.438512965184
0.409561983776	0.42784566285
0.420417545717	0.431608359795
0.290970337542	0.578569855119
0.323224666474	0.392819280096
0.381975406472	0.66396124218
0.322874661743
0.321216535028	0.614650564286
0.321153626431	0.429809160365
0.381409049535	0.395675512207
0.374186683132




0.433905076006
0.377967727842
0.290581844676	0.439999716205
0.288580929396	0.433676971565
0.288344725683	0.445439630564
0.321019998935	0.453434652228
0.299822089174	0.428844251314
0.329726187531	0.434504775497
0.384173210519	0.400527911314
0.326222470987	0.629017350516
0.32610344997	0.452480338459
0.324290828934	0.447093519579
0.623948967436
0.333951554844	0.393262231205
0.331378985559	0.513814201886
0.382430648143	0.6686762086
0.335582103239	0.677521561338
0.325923473021	0.488172577355
0.334478645676	0.479952494978
0.378760207461	0.446933802152
0.334700063651	0.423775347502
0.420440423941
0.325322156037	0.418981715822
0.329570421693	0.428990084563
0.497016475937
0.329979562539	0.668055233837
0.322958937751	0.424734511968




0.436697821528
0.299423044884	0.643928895204
0.300117409447	0.431160431237
0.314155528878	0.394445458822
0.297253198872	0.435319667552
0.322533946178
0.641111938152
0.321091233749	0.45034000908
0.324543145467	0.666501028963
0.384281485173	0.447387338048
0.333422006821	0.664714031095
0.447393893498
0.332705299105	0.701656606621
0.337031072259	0.6749999601
0.332934801173	0.645128536536
0.325548359908
0.713508667775
0.310471115434	0.646789542716
0.313384467097
0.324325103486
0.325123882578	0.497328676853
0.325691839519	0.65251101114
0.323974320563	0.480253163649
0.382697877072	0.448763212804
0.325854757216	0.38239299084
0.331316936929	0.393072088281
0.449604890653
0.439044462223
0.439549297234
0.3276465796	0.39013015778
0.434987093177
0.329385273813	0.438429971074
0.329070537079	0.486288019494
0.324772760192	0.430241776834
0.328050664279	0.504688379428
0.328341526512	0.486566312895
0.332485522627	0.425469671817
0.324479436421	0.423751451565
0.32392806943	0.494049437005
0.330065454025	0.446837455455
0.323693966967	0.438796722145
0.324634607808	0.467189878556
0.32409343315	0.438428719916
0.324568164843	0.448162702933
0.460562175663
0.382955023325	0.449149188148
0.322166164829	0.453342345277
0.383649086913	0.435465438887
0.329337968674	0.435650599044
0.495338093106
0.648973773404	0.53354943111
0.461346078229	0.447026210711
0.605895264414	0.437586009877
0.33228483008	0.529885988
0.339423915191	0.450149622151
0.330574185345	0.454563203681
0.489185937801
0.459146446314	0.51867805974
0.324774691042	0.38884625377
0.333999476611	0.375588743904
0.323772147951	0.440953337999
0.317655591234	0.451258144197
0.643087107983
0.328743956478	0.442658260835
0.445397336415
0.32924603923	0.497416062912
0.326898213039	0.437261353281
0.327244672263	0.428704297532
0.334013610417	0.422139554957
0.417048164197	0.428520932046
0.437029086035
0.429482112051
0.330706987339	0.426493414926
0.325669576349	0.496238343317
0.323866609665	0.431277793511
0.331979541905	0.424886567562
0.332461147662	0.429540933199
0.410166048599	0.42066212759
0.328737041613	0.435873089385
0.326615782284	0.425476994194
0.387567153309
0.43901328203
0.417933028961	0.425297693111
0.432967132367
0.325891069632	0.441518019629
0.427816337939	0.441861509376
0.414873266767	0.427141755794
0.438994178049
0.460120410057	0.43919408517
0.433547861188	0.428557727777
0.601287537708	0.436935149245
0.443540145579
0.417777335292	0.448851935132
0.442282035985
0.381661165652
0.429940965648
0.443531615229
0.427767468521
0.339542778373	0.433457917829
0.326026925182	0.43436303448
0.437523024454
0.391242844924
0.332146428531	0.667528358654
0.439367375758	0.70865943952
0.429126128132	0.627256674428
0.385043020354	0.611609306721
0.330742340304	0.648844209789
0.488448227278	0.632439706327
0.319483520961	0.642347546919
0.703570464253


0.736910090076
0.300793984196	0.660488688424
0.321322555266	0.661243022963
0.295859023748	0.646590743298
0.67741137262
0.372591535749	0.698586418472
0.428718316566	0.713835478843
0.386425829139	0.649339856516
0.50071657526	0.648803825334
0.499524340997
0.434638897114	0.717005410991
0.384947457349	0.665338591604
0.382213137489	0.609670960947
0.497162078876
0.501254239108	0.669851895199
0.438284177814	0.628223364518
0.384622081359	0.649061146724
0.438235762615	0.649204783009
0.491559847358	0.646758290306
0.489714344339	0.645370038265
0.493395966463	0.646183899931
0.439865017553	0.628223364518
0.382697877072	0.671499178196
0.479129937501	0.643839500528
0.383112208059
0.344832805884	0.703417056097
0.432637682276	0.672804724154
0.550954841052	0.689188531038
0.500128175353	0.715263132095
0.389726250816	0.630601937482
0.390945435883	0.704413811693
0.49129378362
0.432442118456	0.617379939963
0.493539967669	0.672926236956
0.452637018457
0.390846084588	0.642709249647
0.437449508466	0.645758946918
0.388228894653	0.718445693735
0.441027509065	0.711708188549
0.430167922164	0.729524110705
0.435750492623	0.71061547833
0.500295701757	0.712270291743
0.717085290461
0.48331144495	0.721265114154
0.486511434169	0.729950162873
0.373838893013	0.722370480717
0.708639119946
0.662408073187
0.709131268894
0.437163470319	0.70667257195
0.444091083811	0.648108649307
0.449562952657
0.738038484182
0.496336429647	0.714489536068
0.497791581085	0.72191937544
0.494776949789
0.441605254794	0.645577578358
0.492407587738
0.494530643965	0.644818607787
0.495879794508	0.647294854755
0.645776993846
0.42985295255	0.648802043094
0.442233135901	0.713138265095
0.500416068923	0.645050563255
0.483362355294	0.67523952127
0.439137723802	0.651442375548
0.496314659289
0.626054250219
0.617340454305
0.382037816404	0.623254625768
0.382584132578	0.628707417087
0.321271485411	0.621798527614
0.485317728788	0.633151043048
0.32759923003	0.501501138116
0.382450620474
0.321231870807	0.448501933855
0.324624974304	0.439038827199
0.381122645517	0.43476612129
0.326190168988	0.485546095477
0.327052611512	0.422110493057
0.324128562889	0.427628397094
0.339341080658	0.423898466797
0.32492522731	0.605335251024
0.326847157938	0.421805809753
0.318904838216	0.492995880502
0.32571851615	0.414578568249
0.327567766155	0.485513412495
0.334063518411	0.42954103604



0.285100073676
0.326741680685
0.291080826003	0.640246453779
0.640341914719
0.325455884665
0.321313644595	0.647404190224
0.324646892537	0.642716424051
0.325223674812	0.663017473884
0.321896272392	0.622888164196
0.621391212014
0.323322845467	0.608470650979
0.384139980451	0.650033824615
0.330143609393	0.651959073612
0.382579422346	0.616566502787
0.326128074623	0.61908316432
0.323141704261	0.619618205689
0.320700603749	0.610501286085
0.329128213793	0.628470845289
0.328146547033	0.602480309354
0.320312916403	0.615077193838
0.319316687042	0.645577578358
0.321799469157	0.44990265776
0.324162993584	0.606986899563
0.329070537079	0.609132977604
0.326228637264	0.430798821505
0.383368127208	0.608082738227
0.326316506785	0.431700444092
0.381547833341
0.328337453329	0.645988827211
0.335348405921	0.609488592265
0.384139980451	0.645040495387
0.383521597868	0.606993203687
0.323701567189
0.382579422346	0.633695038467
0.3808724889	0.644314670429
0.383668263266
0.3808724889	0.650725146756
0.626480588995
0.325287367096	0.436779665075
0.320912377264
0.323991494068	0.642863650236
0.325823367771	0.433749605182
0.337644958418
0.322500343067	0.678184173358
0.319454088808	0.649589216788
0.384532041528	0.627988108392
0.383454668209	0.629272213139
0.330113277387	0.626219962277
0.32939639409
0.327350691806	0.644324214874
0.327244672263	0.642883168462
0.323991494068	0.623171189099
0.327557952456	0.624125695528
0.327378038526	0.600362306427
0.326456942564	0.626638116549
0.326285640571
0.33787718593	0.660287208705
0.321489580957	0.400778687649
0.644705482349
0.327524747545	0.648543103641
0.382417728345	0.648356749103
0.383228131395
0.327244672263	0.611251804446
0.326424527154	0.448827023525
0.320991708691	0.613893842835
0.318739878773	0.608940815825
0.320351765048
0.324792795465	0.430525036686
0.320755586835	0.430892955955
0.317137870509
0.308227460383	0.501977983644
0.311401776029	0.630672455239
0.306839776083	0.502349924728
0.326012909226	0.64694924793
0.305115157175	0.647294854755
0.304873283415	0.645699792678
0.333302613389	0.647576931726
0.286811801826	0.647892745731
0.288710969617	0.627642100533
0.374335211066	0.645040495387
0.28885500872	0.662835750232
0.28716871417	0.665029435708
0.288764685807	0.667068539483
0.285214174461	0.616552143888
0.307756243564	0.648050984373
0.305747604812	0.649687172139
0.380728365989	0.649738144877
0.289328422906	0.649391099799
0.30916617607	0.6237609793
0.308767890516	0.650084528873
0.306994891305	0.438239002
0.325741040487	0.445867185704
0.320898708925	0.664288941606
0.310254351251
0.325856719546
0.321843117253	0.640092505184
0.322027723538	0.494094910409
0.320150538324	0.621080972426


0.221416824145
0.275080859004
0.306855902532	0.665899928002
0.308121134919	0.444302777831
0.323379552763	0.644998319287
0.287528479597
0.321271485411	0.648913636604
0.306891908929	0.650084528873
0.311272060414	0.651442375548
0.379830099171	0.651619043742
0.32509089405	0.646889939453
0.316419042112	0.622083790193
0.322427361091	0.502444572441
0.321884482176	0.446879836721
0.379100315793	0.647877684102
0.317389002666	0.447826484158
0.318372337305	0.650298569865
0.322501976162	0.440853013232
0.320980760836	0.453216971534
0.316175758793	0.624061488721
0.318897321191	0.623948967436
0.316175758793	0.623948967436
0.321490589935	0.649496993422
0.319883023472	0.484149934605
0.316298778644	0.429399550622
0.332895814548	0.438529301936
0.382727379115	0.651804319709
0.321902052668	0.64897113987
0.383266821505	0.485076631636
0.328737041613	0.634153551772
0.329085981318	0.62548190282
0.321138537157	0.624354562564
0.318329139155	0.439829397511
0.316637344397	0.6497106128
0.383372898684	0.642071482379
0.324799314257	0.496220261847
0.323241412797	0.62548190282
0.326659212898	0.466243431243
0.327264459841	0.496815889217
0.31653397292	0.622045093653
0.321516792782
0.319849154576
0.321659940063	0.606993203687
0.322027028575	0.67713139371
0.381814716775	0.608361251133
0.382159318958	0.602831130031
0.327837577294	0.489431816807



0.708515543121
0.296142342711	0.707836738516
0.306636076615	0.64643385417
0.643201138626
0.325460517585	0.642298335769
0.323332293347	0.623857729751
0.320722182636	0.647699694549
0.308053755842	0.391604768278
0.32086045241	0.624628364693
0.446632203555
0.383345467795
0.383183519429	0.661827843497
0.333927191671	0.608763666081
0.741548668493
0.709208604237
0.399616498884	0.711364299118
0.712959235168
0.730203032098
0.387120405013	0.640044234419
0.329324016179	0.394995525291
0.318700544925	0.604327288852
0.337004106361	0.401183919495
0.335047087276	0.62359602301
0.386236699185	0.673944672747
0.332840236686	0.603550979173
0.384431816369	0.673012490862
0.380584580112	0.626132629655
0.383779845505	0.625578637765
0.383345467795	0.454285401383
0.384236095228	0.678202291181
0.441569816879
0.336328035136	0.488709322772
0.318808876439	0.621414260261
0.331702678783	0.462220618237
0.426999046191
0.329287081974	0.425359990724
0.327282749772	0.485146673596
0.4285492458
0.293670458161	0.620055907861
0.338873011131	0.431852520502
0.290107673258	0.430604001446
0.273315595466	0.428442742469
0.274969065073	0.629002647274
0.321147553161	0.4103086928
0.612759006828
0.331077008698
0.330126611313	0.645577578358
0.318765020159



0.245902126988

0.33379556321
0.33800184405	0.440703639933
0.340343025076	0.726245138865
0.340343025076	0.644682707113
0.622559987036
0.332722423225	0.452926893771
0.620087308437

0.384647048456	0.669869768786
0.338760995368	0.480766636663
0.33577022272	0.735000152312
0.342284694539	0.677609758796
0.385844673578	0.72835578881
0.334008344531	0.642917636329
0.327644564041	0.647996275878
0.324452048158	0.643365353557
0.334591778826	0.603174603175
0.629193334152
0.320913972086	0.648401594308
0.32523558212	0.649738144877
0.336019117412	0.646699421652




0.283201958812	0.703141151124
0.315603759856
0.297877677658	0.645440751092
0.332573617572	0.644576317234
0.314133896092	0.451338576247
0.338366870392	0.388957213858
0.312890745537	0.445118095916
0.383814081027
0.336222515497	0.647090271368
0.335492493127	0.650100839156
0.648643229196
0.322973973035	0.65018931004
0.337826977169	0.647699694549
0.326598665962	0.618806598136
0.325252110058	0.646484961428
0.371921449323	0.647919245781
0.308598776615	0.625787284802
0.380905135046	0.649449362451
0.327851475561	0.640854714444
0.327121569858	0.432483761252
0.281707491917	0.501903366961









0.2847854118
0.299254187955	0.64891890819
0.292202331809	0.645585067453
0.325754509746
0.322586484825	0.644300032893
0.446977336139
0.325177280833	0.645988827211
0.329873460344	0.441318234279
0.314099246069	0.662213001215
0.382124829786	0.643430536487
0.332559514559	0.645725328983
0.694689591899
0.335769653582	0.644324214874
0.334170113894
0.334056861852
0.334033569129	0.695747380144
0.332827983097	0.643430536487
0.383392584969	0.645585067453
0.327299791471	0.641266850327
0.64752546006
0.326737459151	0.643763175885
0.32755518475	0.645014059831
0.328732944253	0.645829861272
0.327112571257	0.640341914719
0.384723840926	0.662809591439
0.323051317135	0.69246940947
0.322682561992
0.310081198616

0.386289839102
0.314061750454	0.645674869572
0.317332819387	0.650534484691
0.3102039557	0.662083516143
0.312296857919	0.64897113987
0.324015830745	0.645319303076
0.322291635143	0.662162533692
0.334418386463	0.646936412515
0.293817313561	0.423674084693
0.327643556285	0.419366080839
0.324697259409	0.42380137526
0.322547952453	0.441303707872
0.319377002217	0.626480588995
0.317068995413	0.65250965251
0.3871957239	0.617631576707
0.471155662254	0.617234837471
0.316246696037	0.61038961039



0.446091671827
0.338335216406	0.647234033732
0.333717428161	0.498286024709
0.382393657819	0.445245493891
0.333580429948	0.648841732302
0.381189372891	0.454885040673
0.320569009553	0.453134740764
0.325010189268	0.493567409929
0.32128981223	0.677448910323
0.322649585673
0.327346929371	0.627401486146
0.327642548543	0.647178299045
0.336239994958	0.425080739562
0.381595902578	0.503248250008
0.319787964844	0.436401616426
0.322649585673
0.383188276484	0.612899261551
0.384248195901	0.614883367033
0.321172607163	0.660657811317
0.319797375011	0.661457724167
0.37927581678	0.631988763856
0.319190445936	0.619269920248
0.386806507943	0.614554085234
0.318456401338	0.660634685713
0.321233015409
0.317317925656	0.618682145406
0.319297112978	0.447110808707




0.239938885922	0.656223879389
0.325454589334
0.32489958292	0.390192034067
0.323236577161	0.385077102323
0.316327939997	0.644300032893
0.330597353969	0.728483673264
0.383342486921
0.385003184135	0.642604804942
0.335410928078	0.732217550791
0.335468126431	0.622340922551
0.333358029265	0.446504651801
0.387853267136	0.447959048618
0.33974578881	0.646590743298
0.33651223486	0.610267121741
0.335765100652	0.629197650394
0.632104302626
0.44849182518
0.38166836719	0.648401594308
0.380755791935	0.645776993846
0.379396449209	0.679325611632
0.379976081844
0.318057214728	0.671073437257
0.322057381996	0.623193585536
0.381147947365	0.665051772029
0.382692568216	0.630893744707
0.319732874685	0.636348758606
0.320834049946	0.65971669745
0.322261640297	0.494828200446
0.380755791935
0.328014173664	0.645796901906
0.384248195901	0.479781765489


0.75427239282
0.642203745586
0.379945052734
0.632480117252
0.38439601837	0.50425949309
0.431537313449
0.37888482606
0.37799312326	0.606649697672
0.378906452181	0.61474817798
0.377520574806	0.629767266342
0.379225065255	0.443310891161
0.377570490391	0.66815989258
0.37915653325	0.651708905253
0.377494005705	0.667795939048
0.655475750219
0.369337786061	0.656496543723
0.318411832066	0.654287352168
0.378226915016	0.65236684002
0.315248830596	0.649623630433
0.376062636916	0.648720220541
0.37928362841	0.657874892579
0.313451542525	0.661689918539
0.316388157435	0.617840681042
0.313864723024	0.627233142794
0.67690894757
0.382116648767	0.625379776823
0.320977111949	0.441294478056
0.382962724842	0.64889228234
0.382717936912	0.440216022192
0.383478563223	0.649687172139
0.333470648868	0.649843480147
0.320075796398	0.66812627017
0.336560308353	0.625679788002
0.323898047145	0.664667710184
0.378442873618	0.617096492606
0.66694400398
0.380730079752	0.438455820798
0.352285003466	0.607043612399
0.381695636055	0.605263157895
0.381189372891	0.504341004615
0.378495741539	0.615794750591
0.325143537888	0.455765570623
0.605609114812
0.380409297011	0.619531874501
0.336143771607	0.444529970079
0.386879141002	0.629532185386
0.656901695821
0.340105671957
0.339333481128	0.610402837355
0.386085571027	0.64980863275

0.346832998551	0.672881960988
0.393271448879
0.391887014693	0.400264004867
0.343920436793
0.530508950755
0.34702766017	0.713519149592
0.645275426022
0.391032758887	0.67100742192
0.726071610084
0.698354978152
0.718036347402
0.392492139593	0.699054449695
0.70963896217
0.345723889904	0.711909982463

0.660436511648
0.710449014837
0.70596326039
0.704871441488
0.70691536392
0.608129477198	0.646777901408
0.644520519754
0.602368202163	0.758054912345
0.722925990963
0.727057412047
0.734280124321

0.732351552467
0.647302149477




0.641260180715
0.395024657058	0.643801028711
0.644771232773
0.340343025076	0.646423381481
0.346509946711	0.522226335849
0.342167396596	0.503949429189
0.695956416013
0.694895118079
0.642839569676
0.344620762692	0.642158372195
0.388213384929	0.629874110444
0.388413379975	0.618757410766
0.38228575047	0.60701211201
0.339013894675	0.454808081381
0.340626219275	0.449250088028
0.333953493206	0.447217400026
0.3437687365	0.604228244813
0.333717152227	0.436499992624
0.384418465497	0.620722579127
0.319830321011	0.442342272001
0.322438081891	0.439413629284
0.322001088466	0.647214559048
0.324673155697	0.626401354371
0.300440082046	0.623193585536
0.380755791935	0.647214559048
0.380780371404	0.6284552502
0.380089046865	0.648193252686
0.277428010302	0.658301050706


0.704597138994
0.274888853574	0.708083596543
0.286186666358	0.662505394913
0.284889370501	0.729900422531
0.30048681198	0.645886413073
0.380936652163	0.649146302511
0.281276936445	0.387642393239
0.300612507958	0.6310945211
0.354985940169	0.646710463567
0.279304619898	0.680548432948
0.28530086861	0.649318051253
0.367895697374	0.628330975541
0.280423913388	0.667227878346
0.315359672297	0.627710318088
0.295525028384	0.631475147224
0.368767999349	0.647892745731
0.281652801383	0.644879197573
0.305488777066	0.646688991464
0.244248376375	0.701753113246



0.282796358808	0.700360896323
0.444947579892
0.311390219512	0.69650447444
0.639376778631
0.33601112007	0.638908808337
0.385135664094	0.640477754132
0.336817963258	0.618169164142
0.381547833341
0.640333795869
0.38228575047	0.692618198585
0.640611287698
0.38439601837

0.654209031165

0.602106784767	0.714306813228
0.700572584801
0.603950759409	0.70423928467
0.720266954454
