0.326705362145
0.369954339974
0.528842009229
0.497569590595

0.521843866247	0.717878881397
0.524069246228	0.637870615868
0.444444444444



0.503540007932	0.454545454545

0.304957976005
0.4466755641	0.689230044067


0.552470123177
0.524991545558

0.346160549897
0.356530320644
0.348286252537	0.661524167624
0.558416302439
0.719382018616
0.506899305786
0.507513875816	0.667445703312
0.557291639744
0.525545005196
0.3576481709
0.327766551744	0.679446628422

0.317961004207
0.543337837353	0.645906532679
0.496357097461


0.523180442981

0.397592384029	0.728798493423
0.553658711954
0.638004677864	0.669615395807
0.419272627092
0.560689020753
0.500312857452
0.519046439693	0.697321720089
0.405905956288	0.695850418019
0.362926255695	0.629733121086
0.641344196546
0.511785756412	0.699570815451
0.448010530183
0.366567743431

0.37081475103
0.434278776121

0.534447595887	0.662400998657
0.439172994118
0.559301575822	0.651095422487
0.494757213966	0.641106589736
0.439680813734	0.65224963852
0.496586751572	0.69986492448
0.492792241514	0.625813316868
0.446106648171	0.533913134176

0.447700056981
0.605712289725
0.491385827648	0.640860349546
0.554926666333	0.711126171413
0.534166734536	0.727841468314
0.363678997836	0.62015861395
0.561201302871	0.685961867614
0.434899070136	0.648065675734
0.467986378547
0.51712103934	0.597519865247
0.483715516838	0.616454480859


0.475692518253	0.523708065519
0.519070248314
0.417456126832
0.474300196007	0.599063720254
0.410488898794	0.521668464998
0.471686395223	0.614537838452
0.397303829693	0.644564432575
0.394535103895	0.652975041411
0.434369618692	0.504232223074
0.439425993625	0.683860220568
0.383544613943
0.485925059518	0.658891376483
0.389479893598	0.536671596508
0.482853728749	0.554978321856
0.432220169836	0.634279645586
0.479754638698	0.523354731582
0.482773972179	0.64930360864
0.446181887631	0.706705709647
0.480207386839	0.634581512949
0.713198034729
0.402857794711
0.552384619692	0.641026712082
0.508226698751	0.655210452775

0.455320975191	0.704936952491
0.500291363963	0.73657975952
0.498447561855	0.682123492054
0.473975471454	0.710237747063
0.510105971775	0.648350031637
0.451674644834	0.655829398337
0.446578511739	0.642989660617
0.510741687223	0.642979571232
0.445437400786	0.658151142911
0.445680257092	0.724404889629
0.486173992464
0.647325517502
0.651476338386
0.471080114361	0.643446615645
0.445249174256	0.668668155361
0.438202925746	0.707790577148
0.482541769556	0.660889223813
0.440158204353	0.647432617859
0.478183581685	0.59474744458
0.489649440826	0.690319140073
0.475959521607	0.649852209532
0.488893860454	0.523396138015
0.486098920005	0.620426083571
0.486517840732	0.59572487579
0.43932079506	0.694469300313
0.675487394361
0.49047282429	0.666606282675
0.492145587625	0.67924986805
0.524862294895	0.675919371475
0.448828647833	0.731075178569
0.458124774248
0.452283428684	0.64811482125
0.453278970013	0.68817117655
0.324352638905	0.651811697204
0.642575922442
0.484244312068	0.67346975555
0.495210392231	0.644495750642
0.484460144046	0.663254557996
0.491853928683	0.665568506218
0.540530539662	0.707811772392
0.45216779944	0.671425635276
0.700635956662
0.664409383199
0.375592887374	0.705544782347
0.38780483325	0.71229948362
0.478894227955
0.664952912724
0.422322995191
0.49904875317	0.711955435179
0.492024995426	0.689300108515
0.4306882079	0.407776388507
0.485344496194	0.669037469971
0.539211674802	0.459920281531
0.549501011245	0.663897927765
0.514383833021	0.516665891876
0.544156089549	0.626364187869
0.528003287005	0.717126363964
0.489782720357	0.523544903706
0.505099803401	0.423655644945
0.510300777121	0.700638109458
0.557264531897	0.657297116276
0.449891588159	0.712118705285
0.548562087551
0.513582535315	0.659198960003
0.365195092941	0.650020442649
0.459179554773	0.693982950257
0.502610578063	0.662591865332
0.448537844129
0.521864875678	0.689915691045
0.404921113634	0.64820536422
0.652839126858
0.425581593481	0.585256275435
0.469850968574	0.642945411921
0.518999373483	0.521376783449
0.480440109465	0.712466141956
0.41541098414	0.662430516584
0.443204678572	0.556528895822
0.480567189118	0.55722316965
0.550773015864	0.616257371293
0.547323323754	0.70852767564
0.552820786939	0.695004788876
0.450873443934	0.434800596538
0.455487228686	0.650231268722
0.471404296398	0.648252350152
0.500385881237	0.649277892916
0.555574300242	0.736742852544
0.359551477424	0.656901695821

0.638577576913




0.766864297186
0.545365020043	0.675442004166
0.399705082008	0.691314077409
0.471929627582	0.6515799441
0.445029814597	0.684142490193
0.533568276055	0.694308181334
0.533594336911	0.656857189962
0.539890249995	0.692399965546
0.487539241355	0.659198125075
0.441282345779	0.68549854586
0.397447708348	0.651374248666
0.520241980166	0.645903611256
0.478644936865
0.421237257617	0.664448820207
0.481893512186	0.667349305618
0.392698996368	0.685901149828
0.496302960369	0.687404284766
0.470885670159
0.430701099849	0.600967770815
0.443384493091
0.714970014418
0.625105051136

0.475133079556	0.734060430893
0.346839452228	0.654425407201
0.5248810292
0.539759652997	0.656467440537
0.345150743333	0.620068482347
0.443713583309
0.393707102569
0.392953518402	0.646097768256
0.623238892732


0.441301019373
0.502293812207	0.645287244392
0.454745212577

0.472037645678	0.692782927905

0.445275304401	0.639506710998
0.486056986053	0.699618284358
0.481272305626	0.674120181964
0.4427674755	0.653290303592
0.442692106402	0.675870789308
0.491224207723	0.645203130868
0.429192320431	0.564394229454

0.564308905874
0.391037873633
0.442368682592	0.676079590064

0.468990222803	0.726512484797
0.466768094568	0.568750488398
0.475696080778	0.674640389143
0.400214803358	0.691825485074
0.522324311524
0.406441652866
0.530351424515	0.642251714791
0.386765248144	0.741430956859
0.695568711583
0.506343406426	0.74151379843
0.554145310465	0.693910606556
0.420658817703


0.605365988712
0.515723647776	0.662815488875
0.373729730355	0.673008991485
0.416316320103
0.386428804716	0.686664075201
0.37336216473	0.68445339062
0.512819440216
0.416211673234	0.63125094506
0.420658817703	0.645608835124
0.311597464645
0.413381967552	0.679184548437
0.382928234707
0.637848817413	0.727265412811
0.607864530988	0.703409062353

0.418933408578	0.704204523385

0.561704653099	0.578070019402
0.491813251747	0.681942508004

0.606437960632
0.377893141578

0.381354019654	0.706641482535
0.442388454664
0.589183109442	0.644140512438
0.42404848276
0.466398341138	0.709596684973
0.384252556733	0.654732850945
0.604411957377	0.717730758722
0.532443795934


0.36377473863	0.650975312152

0.390548934889
0.56633970279
0.473549375766	0.690021106856
0.62655665166
0.426089823824	0.729180061298
0.704792063443


0.570195389313
0.297559893857	0.489699804266
0.345554255757	0.581932459387
0.517665118799
0.386172365959
0.357470201064
0.384973014156
0.564553214054	0.599467605514
0.523690872002
0.478238634475	0.662249679183
0.343101873081	0.687449752681
0.48286702508	0.466203697635
0.553967784308


0.437339536926	0.530148532474
0.4593926726
0.552436693249
0.413692238105
0.513646373191	0.683093441274
0.549185556362
0.410828789922	0.68014434213
0.48700355552	0.531000822089
0.436717543809	0.509320705872
0.486178589636	0.580476575254
0.451693378235	0.563863708805
0.51279179459	0.529111585218
0.391382946599	0.651906396125
0.482306793861	0.614596037287
0.36131572518
0.663428747914
0.484073468966
0.338259089704	0.577971560496
0.394172853134
0.52069755524	0.54647407213
0.484975891908	0.735165138643
0.526605642704	0.536915651144
0.438854685641	0.507786874247
0.398461177182	0.527992357656
0.490018555419	0.734460057435
0.547354127566	0.692601012718
0.382407630283	0.675926632711

0.664043710093
0.407896618404

0.601225822518	0.675780300637
0.601526360382	0.63777630452

0.412086408526
0.522504108136	0.658398911112
0.524591406904	0.708360924898
0.40753674663	0.682294883655
0.604642097541
0.559371007996	0.669588295494
0.534498838542	0.67325234968
0.553233915715	0.667549141316
0.396832665145	0.671664837727
0.408378627408	0.679909802008
0.496699990024
0.411945637057	0.729319758315
0.66420245292
0.753149997041
0.474792051203	0.597700797749
0.346177268953	0.645530752023
0.361131592248
0.39736817684	0.590790685769
0.44807587735	0.63082948198
0.415210254677	0.639298836415
0.489915171271	0.618338964688
0.609345754821
0.601287537708
0.426676360151	0.687529732339
0.405284906524	0.669952454587
0.538558004313	0.689224169414
0.480887447277	0.594337295786
0.518266406162
0.489062377761	0.563617855094
0.54430676407	0.614534950384
0.544416217181	0.616043966679
0.438588373651
0.398850426055	0.608013937282
0.533120303187	0.659488181569
0.461988385171	0.650987107815
0.50623880352	0.656602933128
0.42110506295
0.656598578676	0.642719880526
0.592049730299

0.640245157261
0.650285932923
0.668112873509

0.657555647382
0.695041934236
0.462178135466	0.647490557397
0.651190367388	0.607533545129
0.644240589773	0.698198039403
0.637028046094	0.707480769743
0.651945030406	0.715159153371
0.646052850559	0.719274130378
0.714427997868

0.602455331318

0.399512209786	0.70197850417
0.540593881893	0.655560448335
0.699981664145

0.594825540303	0.731603270261
0.642900495729

0.637719106219

0.606706032349
0.403908232076	0.69740191612

0.50062490751	0.688308896598
0.547547458967
0.676377954892
0.564586650506	0.668726436215
0.346646622718
0.648873205913	0.702431429261

0.697459665534
0.653591736429
0.525617999092	0.643713715885
0.664294494095
0.633577614923	0.65765940609
0.695977817261

0.640448522576
0.537134657522	0.714285714286

0.649771815645
0.510199876879
0.639670911229
0.637814921867	0.68251040582
0.668736864612
0.45527937191	0.660579692513
0.352105296512	0.646556702694
0.421302545707	0.649383003669
0.517956211159
0.489409854492	0.705842215833
0.493991175796	0.695041036642
0.381414701803	0.722961173938
0.374251497006	0.683414335652
0.66713143529	0.65424733489
0.552805632223
0.54810000269	0.731167959707
0.522363406535
0.46947604769	0.686343105837
0.569939784282	0.62614978632
0.446605513294	0.583146441938
0.491083186154	0.523966568473

0.634916024623
0.48650710389	0.653867784913
0.348292657742	0.613944359932
0.513856631194	0.612335199304
0.496254152735	0.619553752971
0.439749250241	0.623999225253
0.538995052289	0.678332226339
0.54652839429	0.624534910066
0.500419214169	0.627558622967
0.669237373417
0.643663021352	0.778800973919
0.643571075092	0.681243356756
0.541899676071	0.542353206391
0.551523762678	0.576652934147
0.553833123555	0.702688876587
0.559128396491	0.67046483479
0.380493179453	0.668324120201
0.440158204353	0.61915269978
0.43716392861	0.621821339113
0.48437026424	0.637231029273
0.530936193393	0.688790236719
0.435265097034	0.575688610569
0.434687033911	0.530971145234
0.43676173649	0.655404272719
0.434783935092	0.685312667638
0.379329448619	0.566951886992
0.479226740985	0.59071695338
0.402836355748	0.567153727221

0.520174421451	0.518412843933
0.382137384579
0.415520307089	0.680923173032
0.436571091587	0.655193614489
0.401388062786	0.609293696082
0.425397396734	0.643275435866
0.437962716642	0.663139238118
0.397995678124	0.661908634273
0.391445350933	0.644874617439
0.369126246347	0.646404082693
0.480701261015	0.656451764284
0.365448504983	0.654484767866
0.6467738571
0.720698673446
0.387252385851	0.664534139786

0.692466254516	0.657840765752
0.65644843237	0.648374203188
0.549304429396


0.614679238447
0.42289419661

0.633617781439	0.675483788021
0.683237662326



0.671167880328




0.54469447617
0.407130506215
0.642648717233
0.384381106671
0.56848112519	0.681809914294



0.411038055326
0.605229141944
0.477949160888
0.366655667615	0.640884857108
0.402608289953
0.435581346008	0.691649503942
0.403909652418	0.70268708309
0.523147766483	0.647085392523

0.470878047173
0.441081984612	0.662672161502
0.447050083639	0.64039053882
0.692653097424
0.393734899535	0.526413342602
0.365326011804	0.642936813352
0.482883219093	0.468309405572
0.483836866167	0.626979498822
0.394433268201	0.610310948163
0.485030164885	0.511926385453
0.542590918258	0.648999576443
0.554648672809
0.644436145861	0.660100814962
0.474316628912
0.558754287938
0.444904364029	0.681370111146
0.494014388347
0.410825576781	0.514005868929
0.428533943328


0.397387930547
0.347069496535	0.554284114708
0.483179891795	0.670664264082
0.398342234999	0.499601358718
0.334390337098	0.514527862507
0.342694595068	0.512304651412
0.435320996606	0.560427256436
0.374298190892	0.64506415241
