0.549557286374	0.529764005957
0.57031250009	0.544949606495
0.54761904763	0.877076829456
0.536171711311	0.492424242495
0.539062499828	0.842857142894
0.456158460339	0.815105488126
0.900329732037	0.358632722855
0.459408479025	0.475798204948
0.466101694902	0.428011950045
0.541997440106	0.446688007134
0.526305277608	0.476972147465
0.543103448286	0.483580582897
0.568496464958	0.572916666668
0.663624664058	0.645199157823
0.584745762778	0.52434960707
0.584745762702	0.569553363662
0.608333333553	0.548368205779
0.591727456067	0.536293396514
0.57321515519	0.839285714303
0.51746454201	0.833293922116
0.588709677415	0.539028052007
0.52499999989	0.472215861123
0.590994286039	0.472723130877
0.536363635962	0.453272019125
0.542875305365	0.483161433142
0.54521132077	0.871428571432
0.525111198054	0.627659574466
0.594077008043	0.525684935899
0.558522524498	0.47853805156
0.504362155785	0.443645096551
0.538155909207	0.470041698913
0.490563611746	0.644593279417
0.580357142867	0.621688192441
0.54146838253	0.486805592138
0.560843389018	0.494600822966
0.500000001727	0.449607121737
0.847066387607	0.45952164923
0.563239933201	0.483606557405
0.51929491877	0.484744012786
0.481436038644	0.443068422159
0.871428571166	0.4630206377
0.308823529421	0.509053188434
0.563314739506	0.46814051993
0.871428571397	0.619565217454
0.403817345654	0.618421052157
0.867647058844	0.619565217362
0.47488852422	0.417939078329
0.577586210904	0.508333331459
0.565621146515	0.500654804321
0.828124999986	0.445492524429
0.533518307561	0.474235225747
0.874999999992	0.715909091714
0.878378358578	0.678978162917
0.429504645442	0.687499999998
0.53893953303	0.451752805548
0.890624999995	0.476932500626
0.49599320082	0.642857142898
0.524080198556	0.461338281365
0.56984800822	0.472188869302
0.549489364083	0.481009012845
0.549180327842	0.483050847006
0.79687499999	0.480064738542
0.822580647032	0.48788604216
0.544935365688	0.822580645172
0.533880041497	0.828124999986
0.847800559165	0.650000000003
0.7974826718	0.461319932749
0.890624999909	0.485012632908
0.526785714073	0.858974193771
0.543103448264	0.676444603679
0.571210341451	0.458931472636
0.552606393177	0.46451240563
0.528235070646	0.588888888756
0.503172964264	0.622448979805
0.495319875076	0.44520232635
0.869745212141	0.485579046434
0.85619468796	0.658425499388
0.591295097966	0.499874860921
0.560344827602	0.493695384472
0.870891536992	0.611111111119
0.842170731283	0.468928226459
0.547144494268	0.453237538695
0.518405736995	0.43235348871
0.549769022708	0.851142268176
0.524193548195	0.485521147369
0.601694915239	0.509669018797
0.570175438625	0.480468521324
0.859375	0.492853333269
0.562500000447	0.524709452369
0.568911326145	0.505025971633
0.867647058812	0.633667219268
0.479707396907	0.656250000004
0.46011870696	0.421476572625
0.604042680323	0.524193548413
0.605263157888	0.519535594584
0.584092270509	0.512350055285
0.567226029421	0.499999999235
0.545723783587	0.486477075143
0.536363636059	0.470496220584
0.832911934514	0.627659574474
0.560344827626	0.622448979662
0.594206841705	0.529352745601
0.451885344884	0.421612998004
0.524456232575	0.48861613389
0.516949152531	0.463336755493
0.543103448262	0.479325211281
0.491379310392	0.842857142878
0.607503187141	0.507781899109
0.594827586208	0.49999999999
0.577586206897	0.508333332981
0.551121404391	0.616279069768
0.474137931029	0.491409940225
0.508333332396	0.449909538186
0.867647058574	0.623176409142
0.594294437185	0.48965203908
0.580993494203	0.508064516025
0.546902341833	0.513900433944
0.577586206899	0.480046131132
0.580572859546	0.500436355578
0.612068965501	0.53475462217
0.592473154998	0.500000000111
0.583683977845	0.521785937417
0.579425079092	0.50161221962
0.839642336374	0.474137931107
0.607883982158	0.530349063767
0.598214285948	0.549180328
0.594827586173	0.507812499989
0.591666667248	0.526893366637
0.492647058694
0.53758106133	0.541294290801
0.600840318564	0.51855198353
0.592995935595	0.516393442588
0.560344827627	0.501572888765
0.564491007499	0.51639344265
0.568394931173	0.507813811179
0.577324539183	0.523437500105
0.567796610178	0.518287914662
0.554117206238	0.501090308873
0.553491900509	0.485843218079
0.549180327922	0.512518609469
0.58474576271	0.843256609095
0.572267731736	0.499999999919
0.828947368414	0.704081632624
0.559548820849	0.489957901892
0.459109918015	0.663265306101
0.402574670095	0.639534883785
0.881286292306	0.650304683351
0.852835521064	0.68478260889
0.439655172396	0.656862537394
0.822580645177	0.431119393407
0.550847457528	0.508333333461
0.527740470214	0.483029763835
0.875000000003	0.655555555657
0.842778597861	0.403914461408
0.791213292975	0.424601147842
0.466180178849	0.426345955827
0.525000000031	0.517543859642
0.516393442631	0.663265305858
0.560344827582	0.491935483853
0.60149454512	0.511637875167
0.601694915245	0.508064515798
0.589457481763	0.511448564688
0.56034482758	0.499999999889
0.590364784569	0.527733477342
0.57017543858	0.523437500015
0.579813677717	0.531746031737
0.560344827626	0.507812500031
0.591666666635	0.479291481439
0.581240679908	0.529730290535
0.591647830363	0.502517505816
0.570175438612	0.822580645193
0.560344845133	0.515384615295
0.518616816832	0.453695456968
0.883333333281	0.432612103749
0.488695496871	0.452079904285
0.503662978665	0.463474305614
0.457539842535	0.405748180505
0.453928980651	0.632609470826
0.541666666681	0.467213114864
0.558333333333	0.445849217344
0.534914351753	0.484126984117
0.54032258067	0.436507936645
0.491935483848	0.458229307393
0.492908485762	0.80791577807
0.532786885214	0.405143963928
0.548049572138	0.613207547181
0.523608419291	0.435648342254
0.871428571461	0.467213114728
0.531099725127	0.468577458796
0.546073756034	0.494249293258
0.594827586212	0.536190382707
0.584122740598	0.590741255398
0.585244057354	0.495378773596
0.593505144909	0.556376487098
0.536725640903	0.517417988397
0.521937124555	0.500000000002
0.562312402536	0.498121539311
0.496506865142	0.606813952552
0.580483614033	0.509864292272
0.594827586239	0.529060927867
0.596463383287	0.531746031736
0.575000000054	0.508598907325
0.584029213576	0.522381759137
0.574999999997	0.597826086932
0.575000000015	0.524193548282
0.5948275862	0.555983728117
0.605118263966	0.552778272622
0.594827586277	0.523437499955
0.577586206968	0.555279872535
0.587719298233	0.554687500067
0.537365767341	0.48683299951
0.513895470308	0.45549049643
0.549180327907	0.474534375846
0.612068965471	0.521342608245
0.594827586248	0.536495114361
0.586921262453	0.532231735082
0.594827586224	0.539062500075
0.590460237879	0.52751249149
0.546058556028	0.47532522514
0.900970102661	0.454601990366
0.524999999962	0.892437595709
0.872279271792	0.625000000004
0.523354049657	0.44744864976
0.512721912518	0.478918850588
0.491666666561	0.834581258484
0.477239035983	0.576086956521
0.531367205253	0.670212766004
0.558333333327	0.496188909835
0.532786885418	0.617647058847
0.524637190264	0.464049269147
0.483442124593	0.663461538456
0.533985170902	0.472427537352
0.521181444907	0.48412698406
0.558333333285	0.63207547169
0.558333333342	0.850000000015
0.570265455884	0.508064516167
0.565573770536	0.506730455885
0.508064516074	0.663043478277
0.551917722367	0.491666666624
0.558333333336	0.494702319852
0.561264578955	0.527481267902
0.577586206897	0.539062500269
0.568338551128	0.532043294218
0.567796610164	0.524727145921
0.851475841007	0.630000000188
0.828125000204	0.490670373968
0.541666666624	0.475491073127
0.517037843731	0.796875830549
0.476851725774	0.822580645173
0.575000000003	0.529249230392
0.578254899659	0.663265306126
0.567270103399	0.500000000146
0.566688643963	0.499999999954
0.570993410028	0.528079911619
0.582401655996	0.515384615287
0.558333333333	0.484615384658
0.565573770487	0.488495928969
0.518265090172	0.467355983464
0.822580645167	0.50314580641
0.565256405445	0.506359439017
0.588709677462	0.539062500004
0.575	0.539062500064
0.624999999083	0.55943614638
0.598986019654	0.571404140111
0.598236384519	0.572644831248
0.599136461352	0.507575757568
0.565573770526	0.492347468836
0.528667934486	0.478856034694
0.54416880908	0.504586047572
0.625000000004	0.524296648843
0.602995825365	0.567246332208
0.561659037373	0.457894985817
0.569885254066	0.557506256035
0.540322580646	0.523437500073
0.521817536329	0.460086962534
0.556451612898	0.527014570706
0.60571120199	0.565386578066
0.592911940643	0.579214530301
0.579365079369	0.541299140662
0.566168036384	0.553030302911
0.581967212569	0.534662413576
0.555083966654	0.495513197475
0.571554116625	0.49970929521
0.605263157919	0.522313645346
0.586350282689	0.505754061771
0.611698377605	0.523437499984
0.558333334103	0.503272276161
0.610923188234	0.527513337792
0.569996506406	0.514230275148
0.566583625943	0.529849096313
0.553623373748	0.511965455571
0.576641788559	0.509613713944
0.564940128584	0.847222222242
0.588730916592	0.541918018231
0.571038671877	0.51825003698
0.573949629877	0.52870510664
0.569863383095	0.859374999995
0.585829956867	0.863636363644
0.50193979996	0.635135135133
0.565573771219	0.485663637195
0.593329228493	0.535513145999
0.605372784521	0.537272971975
0.549870123796	0.676470588213
0.562720581384	0.512009016678
0.500897401997	0.859375
0.587719298246	0.546153846237
0.565573773161	0.85
0.556492765962	0.84285714278
0.565170287934	0.525241887373
0.599945890117	0.546153846081
0.601308422474	0.537673077023
0.560263108018	0.548777672557
0.566803031276	0.514962257981
0.554077437041	0.497660666782
0.558333333319	0.847222222087
0.541666666693	0.828124999587
0.55833333309	0.507812500736
0.575758734816	0.84722222222
0.588013140971	0.540461510129
0.55833333332	0.4757417243
0.572580645049	0.819444444453
0.556451612937	0.828124999985
0.536774186377	0.497214151771
0.541666666571	0.854968420716
0.549180327794	0.810344827628
0.838235294216	0.572916666672
0.572977714015	0.516695662051
0.584745762732	0.527638734725
0.577563496589	0.859375000017
0.574999999972	0.546985007315
0.572580645194	0.541879106227
0.574486007131	0.859375000002
0.558333333343	0.525821466614
0.544638411067	0.516048152933
0.504452090546	0.84096783458
0.861777162203	0.499170621486
0.519467429111	0.834391110471
0.567796610093	0.54302138398
0.604206398048	0.550234395865
0.552631578948	0.546153846147
0.526785714284	0.533132512406
0.574892363589	0.551182066529
0.517270070122	0.508064527484
0.508333334606	0.484126984127
0.483050848014	0.518466237483
0.491379310347	0.517631444896
0.56488789012	0.580352270295
0.598360655737	0.572349974494
0.598360656309	0.576923077095
0.591784219635	0.554687499958
0.567096296353	0.545512991938
0.53278688528	0.5183703613
0.547619047641	0.517522338476
0.500000000073	0.50000000038
0.532984700881	0.491644365399
0.553912646137	0.843779110091
0.598360655733	0.53514947922
0.597361436765	0.567236028243
0.549180327906	0.521740381733
0.51899402788	0.851351351318
0.858974358983	0.51246028042
0.547539237979	0.510534688365
0.51553445308	0.808823529447
0.491296845701	0.49515914022
0.519437190563	0.451208056696
0.608333333328	0.555588349162
0.559111153353	0.567140182735
0.549180327898	0.492187500009
0.839285714296	0.505635976422
0.534444513617	0.484126984128
0.534284433617	0.540322580504
0.581640553711	0.540060345358
0.571416452386	0.55082889008
0.543695143143	0.812234815453
0.515873015879	0.489192329776
0.59836065574	0.56133242923
0.597541804781	0.539062499921
0.57510987524	0.50150240138
0.553819535899	0.489821060927
0.50873587207	0.479461063381
0.51694915279	0.475000000052
0.487464640479	0.851351348577
0.537790373828	0.49166666673
0.577742293217	0.484126984114
0.545473877701	0.505871507426
0.476843096132	0.462606329033
0.545640497342	0.863636363538
0.516393442628	0.445248335905
0.523098463036	0.471024396303
0.560435857204	0.500598365479
0.551896861805	0.476111387759
0.570759238548	0.537955528213
0.525793152446	0.515204277709
0.541669571792	0.518587113353
0.545426960631	0.531746031652
0.591427870039	0.55621175565
0.514016469688	0.503716712603
0.581967213177	0.510046490024
0.565573770751	0.492735538256
0.550862755947	0.475806451632
0.500000000029	0.474517378144
0.522735121842	0.484240255836
0.871428571402	0.492972090877
0.570175437959	0.509540056188
0.53038707074	0.4556244111
0.540743577235	0.478919820507
0.577586206764	0.531079821837
0.544842867988	0.519856130529
0.525862068857	0.783333335108
0.560344827631	0.503850716875
0.525000000484	0.516973408972
0.572373829155	0.22972972976
0.574999999995	0.514405667216
0.540969617439	0.512005067105
0.555317734679	0.500770341508
0.842857142787	0.484126984036
0.565573770587	0.484126984103
0.569202325211	0.484126984183
0.572788664091	0.557608318041
0.552631578949	0.520964623999
0.505316172268	0.655555555557
0.552208760671	0.507575757495
0.537461958431	0.496253267886
0.550338541496	0.525507893171
0.568503140837	0.50781250004
0.550875842966	0.524193549577
0.565573770592	0.515207242348
0.57017543856	0.530769231027
0.544295849291	0.552216617558
0.549180328122	0.504208941578
0.581967213154	0.547619047304
0.575402194915	0.515734336696
0.556451612917	0.507812499996
0.575000000017	0.523437499981
0.608333333346	0.563310093312
0.56557377002	0.508064516133
0.580314004053	0.542379500116
0.490740740678	0.516393442607
0.556451612902	0.506347523193
0.54768363174	0.522298859244
0.548079417994	0.508064515461
0.56231084636	0.493641555519
0.578640890477	0.539026530696
0.565573770424	0.530500708764
0.562250231277	0.507812499999
0.551705582374	0.503505873099
0.540322580647	0.494545567217
0.577869833924	0.51538461543
0.56557377054	0.511551453308
0.829940533065	0.518843818783
0.797772481255	0.498551403398
0.532786885284	0.822580645176
0.579880619367	0.537874797477
0.577513233145	0.536225226124
0.556451612998	0.473558599747
0.525862069101	0.501932231184
0.512109037861	0.491392179442
0.50546957768	0.500000000011
0.512231914404	0.58510638293
0.436507935463	0.618872937483
0.524581042844	0.491935483861
0.570876475396	0.529638744899
0.501823723746	0.531746031829
0.475383297677	0.837223970607
0.560561952286	0.561538461392
0.465802050185	0.525072751037
0.563798238865	0.527328480535
0.580184086014	0.523437500001
0.515998387057	0.51537257201
0.520053057846	0.810344827839
0.84486358082	0.594202294646
0.577586207552	0.555062619017
0.591666666655	0.537878788182
0.567796610234	0.516648120641
0.545850439098	0.528370957469
0.505427691133	0.477496051242
0.7659531453	0.511769313858
0.568480265905	0.551869734485
0.803030303174	0.549765739091
0.561755455201	0.824288204634
0.562007044189	0.822580645164
0.565106811917	0.553155629315
0.58483199336	0.859374999961
0.551969996372	0.528019549218
0.572580645114	0.53070401633
0.519607843081	0.544473730054
0.563000931875	0.561538461664
0.570975787196	0.553030303063
0.598214285732	0.554687499991
0.592849701249	0.522727272719
0.570175438618	0.546153846147
0.524985439906	0.558287202603
0.474807909849	0.541030503963
0.598360655756	0.549125156162
0.573786567586	0.53787878789
0.535087719292	0.622448979606
0.567549479854	0.496544411679
0.519708555056	0.5306285843
0.503609705176	0.485920412775
0.516949152583	0.477132513726
0.562500000021	0.539062500018
0.568609438657	0.523437500314
0.570113748264	0.531746031683
0.57504021121	0.523087275837
0.556451620321	0.492187499999
0.562881232493	0.494231008773
0.532786885326	0.493120737987
0.507812499994	0.456387129971
0.484126984081	0.808823529396
0.476260315259	0.453224566549
0.52816458041	0.468661437071
0.499227788034	0.468038165344
0.540322580674	0.487400705498
0.502814479583	0.469640103407
0.517196901634	0.433427329596
0.572580645136	0.583750101925
0.594827586157	0.591464222716
0.602117448046	0.577586206892
0.588325396925	0.569042805198
0.592009101147	0.575000000035
0.601694915297	0.550465003295
0.555708757366	0.541447065144
0.570541788599	0.552628520978
0.581115691406	0.566925181604
0.629615871626	0.6090909091
0.566823843775	0.570175438589
0.582730815404	0.509259259176
0.588549752697	0.556588622228
0.561468569767	0.533711191082
0.588547048013
0.575032048222	0.564814814817
0.619632293182	0.554836635161
0.615572259463	0.615316498489
0.626156766537	0.555488824227
0.630401082582	0.577586206696
0.61656840077	0.601694914834
0.615865997273	0.575868641102
0.60619691276	0.54985860397
0.604676533086	0.56689834884
0.594827586132	0.556451612965
0.570754921385	0.551446351924
0.619492810285	0.579962648198
0.617429548551	0.558333333349
0.611134022429	0.590909090804
0.627059947689	0.597794707886
0.579958860359	0.56313879757
0.606452909667	0.557020138106
0.610349861291	0.533898301688
0.617457692734	0.588151784427
0.599693127844	0.595268904573
0.651785714034	0.611226283325
0.622973330298	0.620370370369
0.606052347605	0.560344827605
0.585174977842	0.532608695602
0.624560585523	0.634349474092
0.618605224331	0.571829351061
0.581178184052	0.547016969405
0.607760800683	0.55812924258
0.602928003507	0.575471698073
0.604692234979	0.541403137476
0.633928571533	0.598214285324
0.614258235069	0.577586206906
0.570175438762
0.602257660023	0.605263157756
0.593432086992	0.599569829921
0.585591988261	0.555800996946
0.612068966107	0.53188152673
0.62210245095	0.569636607025
0.629643667494	0.590606096141
0.62207796579	0.578695465259
0.634408367726	0.563687932033
0.583372799888	0.566435558306
0.576968430942	0.574056764694
0.587730392447	0.541666666547
0.599662533013	0.550847457422
0.597087219309	0.552631578977
0.620307792582	0.540232068722
0.601971042307	0.595338901992
0.601851851905	0.588500958019
0.63805215412	0.56902366459
0.636875734181	0.607300701421
0.630816037591	0.620719748784
0.620177095558	0.592869490428
0.599043294873	0.620897703769
0.642738031569	0.612941826734
0.582210239527
0.647945419385	0.601694915203
0.619147205743	0.594827586203
0.617061121753	0.616071428542
0.633928571419	0.611665129771
0.62888696306	0.598360655741
0.582018375593	0.547105436567
0.601851850515	0.615723358967
0.587719297677	0.524950228608
0.577586206888	0.525838250323
0.594827586201	0.550312325071
0.527810944175	0.544210039893
0.534719500914	0.567456980789
0.621313731363	0.558333333368
0.589660881095	0.592836628179
0.590483113113	0.577899617643
0.584745762688	0.549010255198
0.598214285745	0.533898305275
0.562500000005	0.517624361017
0.574004088271	0.538774983165
0.601696994397	0.505326577105
0.581233877933	0.529740493002
0.57631074664	0.516393442574
0.58727162613	0.562499999984
0.584856615126	0.533898305104
0.550427257055	0.55418058841
0.590599852241	0.535087719295
0.587597273315	0.57430238717
0.601851852554	0.606488255028
0.628970563458	0.613207547276
0.585801084881	0.56838924215
0.584061061756	0.600453865489
0.593522326501	0.581721564312
0.622594682117	0.618129269416
0.56059325084	0.613718162711
0.594314352986	0.555266836286
0.583333333217	0.559356370145
0.562627108555	0.563775332931
0.586538461465	0.590000000046
0.60739104848	0.562499999998
0.595609394113	0.537520633789
0.520069989853	0.529999009621
0.504961003577	0.533352639682
0.554545454537	0.491666666846
0.588629989584	0.559123230844
0.558458738242	0.562565210766
0.590909090927	0.540380527859
0.565977354835	0.537735849105
0.6700051865	0.599187893845
0.650943396556	0.619836211304
0.647868216668	0.625082378858
0.665994925135	0.567697130592
0.648676020084	0.567796610164
0.631239189038	0.603568739605
0.660158959709	0.607918539811
0.568704137373	0.554748824724
0.570175438617	0.537768959201
0.552085272902	0.553423603024
0.551418187138	0.557006051848
0.575743444947	0.508333333291
0.570765696504	0.527284186692
0.560274500014	0.519731257352
0.54608276195	0.575171435369
0.572727271439	0.532786885097
0.5727272727	0.552885223242
0.579431160517	0.508783003896
0.598214285756	0.538016189655
0.593501306024	0.543103448279
0.590909090933	0.554545454505
0.563572510505	0.562499999948
0.55910951015	0.508005009696
0.581189548905	0.531433690439
0.592068370816	0.526620771719
0.563191797906	0.517543859681
0.569364807875	0.560648190733
0.562500000203	0.517372013245
0.55748297913	0.601851851759
0.567716720362	0.525862069141
0.6073652454	0.567343396824
0.598214285673	0.54166666664
0.58511282841	0.539087150822
0.567366871451	0.519557075774
0.594827586208	0.562499999968
0.582432229765	0.542775086148
0.583333333505	0.500000000074
0.58333333184	0.540253531793
0.580620588252	0.536364152316
0.574858740163	0.557140508264
0.589694301519	0.578489613362
0.549752713496	0.546881514822
0.573871402808	0.531263157165
0.581307978393	0.615847769854
0.598214285762	0.594339622632
0.581417257121	0.589584786493
0.555312146774
0.581755679872	0.565147193852
0.574218220366	0.528044842727
0.585305868688	0.587399367872
0.567113758104	0.53077085833
0.579198655064	0.548237169797
0.597943099212	0.557862200465
0.56204408639	0.594339622694
0.566563372365	0.533755368881
0.575471698301	0.538114150249
0.517543859795	0.507368476386
0.515444563989	0.488237195516
0.559788977857	0.526785714352
0.587848192413	0.554545454577
0.587719305852	0.570175438551
0.594456414308	0.553261296387
0.583333333346	0.554228503327
0.587719298291	0.554545454553
0.579703833094	0.526545855607
0.590909090678	0.545479097989
0.568762496788	0.535087719269
0.555237414138	0.535087720403
0.594827586169	0.549837985473
0.606196119398	0.586230341219
0.580971009166	0.544642857161
0.633928571428	0.594827586155
0.605263157917	0.62872977971
0.611202273408	0.582530266662
0.624098240034	0.590607964456
0.59165074756	0.578791202473
0.573722920791	0.526785714302
0.605335882193	0.560464789598
0.588765697572	0.600574705185
0.59821428575	0.547017822879
0.616071428888	0.609090909096
0.610437645967	0.579927754846
0.639722698156	0.615721235502
0.633570955151	0.562235036549
0.628276910887	0.59291666756
0.587719302058	0.550847457755
0.603192084374	0.571105755814
0.633019949174	0.563492063417
0.637524285557	0.562499999816
0.623594536462	0.616071428644
0.620203458386	0.570175438567
0.573169250912	0.548076923078
0.511892092705	0.466989596673
0.517861599136	0.473653529242
0.522162423469	0.481818181893
0.486887268637	0.471142347001
0.525862068581	0.50540853951
0.527462813427	0.51318526999
0.673185548828	0.576163396721
0.575759822901	0.602654158124
0.562499999959	0.553889648067
0.59334889145	0.532786885211
0.596254791922	0.550820759028
0.5257259687	0.508620689731
0.499999999902	0.529070308483
0.52800707155	0.516777613836
0.527777777751	0.539215686106
0.516947700515	0.529646491132
0.637434793667	0.543440771835
0.636322479413	0.567447048819
0.639542741677	0.634067831633
0.631510313898	0.577586206843
0.627689280625	0.552647706189
0.656795454962	0.605263157846
0.63355546115	0.624775883948
0.61751060313	0.647895168279
0.634135692944	0.581694924011
0.605769230913	0.616071429989
0.620370372103	0.612874850883
0.591890400188	0.577411923877
0.639500479401	0.593151944267
0.596606183578	0.587719298269
0.59187532006	0.550847457655
0.570426934338	0.585350613706
0.543103448283	0.496591411917
0.524478022907	0.517281253088
0.524193548453	0.512665566027
0.567568488267	0.525000000059
0.571233193188	0.552812886288
0.560344826088	0.532976483233
0.570776350417	0.545287504074
0.605263157855	0.558333333538
0.630186044089	0.617744194963
0.578875520172	0.552631578862
0.587719298252	0.531746033825
0.595155932733	0.556603773451
0.600311650489	0.544919587009
0.573670959845	0.571466645711
0.554545454592	0.544642857074
0.565855510359	0.543019753438
0.609090909084	0.565465241436
0.576591682312	0.577729916099
0.602664820994	0.526785714441
0.623482808926	0.582800561465
0.585960612803	0.508620690118
0.555881329838	0.555773243431
0.587084546714	0.546223863595
0.583670699943	0.540322580621
0.517633230868	0.531564959206
0.571437237626	0.520128577946
0.526672187163	0.501367745698
0.542235939296	0.51378612152
0.522156913938	0.499970454419
0.579903663939	0.514030206564
0.516989600241	0.502608975414
0.534777773565	0.486051747566
0.890624999993	0.464912280732
0.516393442782	0.484255532728
0.504474941473	0.536208567973
0.519434060705	0.479973790279
0.575471698069
0.547932002284	0.580031772141
0.563493338266	0.519891129391
0.572068024943	0.552931730039
0.600508673735	0.561585886437
0.582827363432	0.572458707748
0.621886250366	0.550847457645
0.616510161357	0.572727272759
0.640350877172	0.562499999814
0.570004575947	0.571390141473
0.593838952102	0.557821311456
0.595409885874	0.56479069364
0.61043473872	0.549180327883
0.63462758368	0.604653348339
0.631549845306	0.60909090889
0.585493652317	0.582356938208
0.558549386336	0.574004677938
0.597245356899	0.572900448741
0.605676789168	0.614359275156
0.605263157698	0.541793395699
0.562606033302	0.534791314948
0.527337091581	0.556512839059
0.553357017533	0.517544309523
0.579875957467	0.518456394799
0.561170668303	0.550189711208
0.586981662385	0.612677562379
0.59536610656	0.56557377032
0.623002079931	0.616318948521
0.66497271278	0.577317343327
0.615623087692	0.582591164707
0.580357142855	0.552631578914
0.578828384798	0.572727272749
0.598214286102	0.565573770444
0.577820824641	0.570175438613
0.533080386512	0.550847457716
0.566738072609	0.541921009349
0.595177672982	0.587719298143
0.619597217514	0.589312528142
0.561252228641	0.556808699954
0.552942061789	0.538889035021
0.579663339418	0.519877940952
0.549123419724	0.530320711014
0.572727272714	0.528557461861
0.565319430226	0.54310344814
0.624514941949	0.594164403309
0.535087719304	0.528975818445
0.532286834916	0.509921405739
0.620332002752	0.580357142875
0.582612314291	0.607417952053
0.613207547226	0.606124558888
0.583333333086	0.554545454476
0.57147731239	0.555223924715
0.598190635256	0.559315766998
0.562904815724	0.553070102831
0.531496915605	0.544642857233
0.59911107598	0.509042692848
0.566194171961	0.550458525948
0.634346292836	0.561873455695
0.556413867667	0.52586206896
0.586560932719	0.493678624824
0.546989193946	0.508333333326
0.637407872165	0.57382466918
0.583780548558	0.507605204354
0.512689049194	0.481957730955
0.491379310347	0.495230716951
0.607656817058	0.425596101321
0.570175438742	0.562246604277
0.565241956885	0.538901731627
0.600021370018	0.565795567293
0.653851778919	0.603906537175
0.577586206897	0.507490481233
0.636516356187	0.591666666651
0.601395660753	0.533011056566
0.569273463708	0.557754258467
0.545919147569	0.515686369995
0.8636363636	0.525000000086
0.651505452838	0.591666666677
0.600003330811	0.616071428619
0.633194944218	0.577586206914
0.842731823352	0.536725324861
0.448695317348	0.469676261588
0.49816915801	0.507810898168
0.600044421003	0.519855870088
0.602293263024	0.560344827661
0.622782076939	0.594827586249
0.619820048082	0.624331628376
0.583105176505	0.57017543865
0.588899381364	0.57420016982
0.58653846156	0.543883199999
0.589678394502	0.565599528952
0.60526315796	0.55508474378
0.571924384246	0.552631578981
0.619190137395	0.582598213109
0.598039215653	0.55968265771
0.587719298109	0.572090348389
0.617647058838	0.614788553048
0.617582671923	0.631100033841
0.55208333335	0.599227950198
0.191176470554	0.567796610177
0.556291300539	0.522242080825
0.553855436904	0.508333333284
0.508333343657	0.515019334275
0.56034482759	0.518549035038
0.543103434518	0.492507627191
0.619859196736	0.583904220187
0.624999998022	0.59796864433
0.60596131771	0.600017132547
0.584684369438	0.587719296523
0.601851851881	0.560344827587
0.586822461946	0.529527956892
0.548124035623	0.540498533331
0.542362258532	0.540322582814
0.52634459462	0.508928571438
0.495625598068	0.461050128451
0.517749025587	0.474318721486
0.494425470373	0.487062826548
0.500000002031	0.480054971621
0.627771815934	0.541666666615
0.355263157868	0.565277048571
0.605263158064	0.564231115275
0.525000000302	0.503301099349
0.545889949408	0.510219550036
0.490740740636	0.464912280836
0.462920374712	0.451522173044
0.491389425711	0.505648636026
0.507121879813	0.505054689532
0.488204196155	0.488558417526
0.629310344829	0.605263157806
0.630456710747	0.565882143914
0.540164007338	0.525862068943
0.481818181888	0.501151704529
0.526785714362	0.52993021349
0.608333333369	0.569908091261
0.607327319136	0.622807017432
0.657141489896	0.596708837285
0.262500000002	0.558246398952
0.591666668543	0.567873398935
0.535189314624	0.561894698479
0.555199320867	0.52678571432
0.558322696563	0.507764891915
0.556232323498	0.536899864994
0.517543859709	0.506083546565
0.544642857097	0.519664111532
0.526785714284	0.484119647764
0.513115724048	0.526785714301
0.496661727901	0.496687950224
0.580357142994	0.551206620719
0.568013728442	0.529976337186
0.544642857156	0.500000000048
0.646155275108	0.57547169809
0.604737560876	0.569748007773
0.625000000055	0.603414420459
0.639361227473	0.591666667118
0.651785714321	0.589793228308
0.61969875012	0.575309281163
0.613860855082	0.622448979633
0.604315920096	0.560344827803
0.602379343375	0.615912916187
0.570279423929	0.555219645625
0.529625475655	0.578431372558
0.516268952422	0.532964573561
0.6229045529	0.613790998621
0.629310344829	0.658442515266
0.638888888825	0.565573771188
0.641180019753	0.629054766714
0.619174536794	0.58892580115
0.563845949917	0.533898305098
0.547610934712	0.546080374084
0.538135840924	0.518215244702
0.544043194205	0.527777777881
0.568422169442	0.567751099899
0.53636363665	0.599954620645
0.601851853732	0.590709915188
0.612127235551	0.605263157936
0.581768524599	0.580266991026
0.612541388721	0.583049247502
0.570383916437	0.570000001321
0.584408494697	0.598039215655
0.632768301578	0.573593881265
0.582008910535	0.598984871766
0.629310344855	0.594827586672
0.60909090929	0.547293294242
0.626341743575	0.55417611383
0.603009985027	0.541666666609
0.588716582574	0.600043821326
0.577911937126	0.553759316506
0.60912553407	0.552238994163
0.600118642496	0.561449008647
0.622807017622	0.574375354669
0.597141187569	0.613207544666
0.549161509961	0.550847457632
0.586067157244	0.567796610161
0.541075143472	0.594557625597
0.539785427057	0.553327260842
0.53550873921
0.4913470784	0.550007781044
0.556603773619	0.624095544664
0.517941722199	0.559431960323
0.49910057485	0.509259259202
0.526785714738	0.548076923105
0.519764802092	0.53773584904
0.552631578942	0.568386624431
0.613741403004	0.578431372305
0.618644067889	0.614069947674
0.600938715722	0.586538461527
0.615685908664	0.591519457918
0.631054983807	0.604768388201
0.576890742682	0.579204234401
0.583640023432	0.583447385362
0.572727272703	0.594894184191
0.557453438611	0.595647869319
0.605021772016	0.596586124935
0.507796898837	0.555339197945
0.561611350893	0.530840929547
0.549611921639	0.50939972629
0.557759035705	0.533417184496
0.537443713006	0.572396615009
0.537735849101	0.526632512052
0.504608276517	0.510560401047
0.512460340663	0.520515933771
0.475145317937	0.509259259342
0.508421703351	0.524664337334
0.585327742167	0.579214268881
0.622288504998	0.565322674205
0.616989065017	0.600968923236
0.617804535673	0.594996400994
0.621890369222
0.552106167207
0.588914089608
0.55173919792	0.556887308474
0.526982058146	0.589999999995
0.519607843188	0.705128205155
0.527777777782	0.518181817982
0.481240410729	0.5690540152
0.477599657466	0.485446213137
0.474838088462	0.554347826077
0.803030303026	0.47997053071
0.48057203511	0.504156824945
0.500000000188	0.510869565205
0.499999999997	0.523842802612
0.492470372502	0.532608695622
0.491666666677	0.531250000001
0.456624218554	0.500548510614
0.499999999948	0.481132075464
0.464912280727	0.476221784236
0.497876486753	0.500323129805
0.48736953147	0.500000000036
0.525862068966	0.540138995186
0.483942072344	0.481132075564
0.513731833269	0.573842523396
0.528354839535	0.578431372631
0.562499999625	0.587804170739
0.645518404711
0.599626968543	0.577586206912
0.58557092527	0.632098495279
0.57795815484	0.594339622581
0.590909090872	0.583407266958
0.610114589905
0.60335363066
0.599863507353	0.558333333315
0.577890362726	0.577586206844
0.598214286442	0.569325102195
0.622718459476	0.587719298166
0.619040604516	0.605263157847
0.621764853226	0.586505806906
0.625879855128	0.601694915286
0.634538468675	0.556908246964
0.619770597158	0.572581681118
0.60625967143	0.547606864427
0.612763567076	0.613207547152
0.573483242166	0.607526785861
0.582161927971	0.560344827364
0.632325214342	0.572333818508
0.651785714258	0.638888888852
0.635700704235	0.580004102893
0.586270661152	0.570240817957
0.626874648962	0.595584282794
0.631563949867	0.602765512021
0.576402291418	0.562529701818
0.49785701608	0.508004116462
0.567796610172	0.514425610875
0.508928571439	0.499999999926
0.490740740745	0.450796605911
0.47115384611	0.487657488472
0.542992676557	0.511085053139
0.481132075459	0.50000000002
0.518181818174	0.482456140377
0.526785714268	0.491447603863
0.580357142826	0.520716651718
0.594784357867	0.542230351636
0.5323979896	0.515297974915
0.572949856605	0.575764128355
0.625000000007	0.595574163871
0.637368452281	0.58196721311
0.632075471694	0.560344827613
0.638888888959	0.596091411845
0.636255091909	0.651244943247
0.588113830383









0.765306122515


0.530463335502	0.526107169065
0.530000000028	0.51179682289
0.506812725154	0.611406084731
0.557142857128	0.572916666602




0.455555555682
0.519692644969	0.56088157002
0.470026162248	0.560052551561
0.587719295296	0.541656774008
0.583333333273	0.58125977041
0.570750288051	0.516429705351
0.562499999884	0.570175438645
0.532093222928	0.575321893864
0.571004670435	0.576062669297
0.590909090895	0.537502286366
0.572727272719	0.507209591938
0.588487043929	0.516393442512
0.580357142871	0.540163879606
0.580357142911	0.515360727515
0.675925925821	0.617340565138
0.64035087739	0.612068965529
0.648060961771	0.622154273805
0.640779995219	0.645454545385
0.587719298208	0.605263157937
0.640350877402	0.610266048581
0.532448906302	0.562828630959
0.536246971043	0.53389829817
0.636424131068	0.638888888859
0.565573834893	0.552631578946
0.620370370234	0.374999999987
0.602147467074	0.579906218329
0.655236332006	0.598214285641
0.616595077131	0.584876822906
0.616943783268	0.604978730459
0.617183269004	0.632222551214
0.60526315783	0.568674186677
0.584745762692	0.627272727267
0.570175438555	0.586369326683
0.844827586212	0.555639247066
0.570757289482	0.570175438583
0.635997466444	0.604659118239
0.594827586204	0.536290104564
0.578616253932	0.541596655115
0.512675532858	0.514803258836
0.575456563759	0.55511866014
0.652221562161	0.652938811401
0.602106123653	0.577586207143
0.629698710749	0.630031353964
0.616059746798	0.580917933388
0.606680430804	0.602297182818
0.63392857152	0.631147540896
0.622807017545	0.607337518619
0.162500000003	0.575896001699
0.652178515191	0.581967213145
0.615517481082	0.581926724144
0.621655705992	0.594827586232
0.619724055735	0.608719964345
0.62738049158	0.585801288723
0.616992376577	0.616436757487
0.614883924508	0.626557232734
0.613207547344	0.645454545463
0.596933082031	0.569965819712
0.574926311635	0.555930186518
0.567031438628	0.519492330919
0.569706561133	0.540804385984
0.550950024142	0.537582841403
0.635616666113	0.642703924851
0.623515910618	0.601800115609
0.60248857393	0.644230769714
0.836146442999	0.508654235396
0.451546786912	0.467638593141
0.605263155638	0.574696894523
0.602258323658	0.618071109495
0.611636792792	0.590457126073
0.47021229428	0.537902143045
0.565573770629	0.525000000009
0.591666666644	0.524999999878
0.558333333361	0.527926442776
0.591666666725	0.543291773711
0.587408969187	0.571340442964
0.606445283191	0.595520414561
0.558333333357	0.524031055104
0.615835059423	0.601694915249
0.604169732375	0.614750753959
0.614813255239	0.588884403206
0.587719298246	0.638805076381
0.585854452624	0.609835283819
0.608924192664	0.611176903557
0.597545995829	0.590909090671
0.601192138911	0.62702487425
0.592077312244	0.573866628565
0.814285714277	0.525862068952
0.474781791031	0.474305239487
0.544677944523
0.560933644021	0.556163634844
0.55012795017	0.543103448275
