0.553109746842	0.543533459083
0.635542746441	0.475866650246
0.627272727361	0.539740249483
0.605746857453	0.541480781324
0.605263157891	0.50892857142
0.609533779962	0.474137931016
0.66020931198	0.522883564084
0.63888888891	0.524528831062
0.613943716089	0.475000000035
0.657407407298	0.491379310313
0.630880128611	0.500000000019
0.632161723209	0.474833453504
0.6146204665	0.495983215967
0.536167130584	0.523540818241
0.61794974129	0.524434369525
0.593048615196	0.518408313613
0.60551059808	0.456861445028
0.577169420033	0.439866642419
0.63	0.49544426349
0.627659574468	0.544444444441
0.64814903528	0.512368825041
0.634147553565	0.488246436877
0.623516910565	0.547764176485
0.637254902012	0.47677216918
0.664743741033	0.538893866678
0.630250261094	0.521276595812
0.628008470293	0.500592208253
0.599144143078	0.505596814282
0.621845648632	0.485880212612
0.63990009923	0.510416666735
0.659268831038	0.457081192293
0.616832959365	0.451923076939
0.641805422545	0.504645839651
0.624155411004	0.471153846147
0.547695783414	0.459183674281
0.564529788502	0.456256978664
0.603326922815	0.511520048472
0.61603236372	0.454758714017
0.594303212093	0.48913043491
0.572727272727	0.438217752757
0.58334172295	0.447269286665
0.566278369479	0.443896520896
0.569999999943	0.448224957892
0.597489641132	0.464402808025
0.55613888963	0.447916666526
0.453969803712	0.601015591378
0.572727272652	0.425943617309
0.551555837499	0.438775510122
0.563664633508	0.418367346861
0.541772598529	0.47336720332
0.558823529267	0.439858945832
0.54464285719	0.4175470687
0.559546227588	0.437573248951
0.549246348619	0.427607402696
0.493067161839	0.421256803262
0.478816695004	0.402722964192
0.573428805537	0.443739346347
0.585474147961	0.45495484144
0.586294540063	0.451703846718
0.562649308051	0.43309813169
0.597778281507	0.48461074842
0.619599015374	0.486052483769
0.592284934099	0.496133228355
0.589303949834	0.454393792944
0.467371597769	0.640625000029
0.570000000214	0.433903845802
0.566551521042	0.472407872334
0.598198277328	0.475589511266
0.604336382635	0.447916668173
0.575275035614	0.449141806799
0.573358670487	0.493649580946
0.600594238687	0.54377652391
0.532608695741	0.492211639965
0.61105245399	0.457446802087
0.585039503599	0.488636363573
0.603694330706	0.476168094858
0.604820951659	0.47974729627
0.557489740944	0.436381612252
0.458197940685	0.69642857145
0.612960090297	0.41559631235
0.572330117158	0.431989782441
0.585143393411	0.414136056451
0.567772237884	0.417921825949
0.58635918272	0.420920013201
0.549961281648	0.45098051726
0.426425948569	0.687500000006
0.601159039874	0.447829755661
0.544613252827	0.456200665853
0.586051936628	0.42563817398
0.546907996027	0.804347825987
0.571760621299	0.750000000001
0.593750000005	0.465909090911
0.576858643951	0.481631332086
0.556808388044	0.43201631479
0.599657586551	0.433257933796
0.580711134553	0.409960644635
0.572962923722	0.43860339692
0.553389301897	0.437175235654
0.557081723423	0.477089075705
0.56504937973	0.485460982852
0.568448000504	0.482649385912
0.598214286395	0.49427975781
0.598214285666	0.500000000007
0.640350877209	0.52532128045
0.600553642106	0.479921935957
0.608880552338	0.484126984168
0.591480215988	0.530998089477
0.577586207015	0.56302702965
0.578212525516	0.699999999753
0.581967213205	0.732558139289
0.591666666665	0.256756756762
0.580284541111	0.823099398753
0.595358322911	0.190952263571
0.598360656098	0.309888188923
0.604838709676	0.257592770367
0.62500000004	0.385714285682
0.599486345258	0.763888889103
0.596470617353	0.783697178886
0.624999999368	0.791169439984
0.565599786399	0.654761904896
0.523437500217	0.556818181878
0.463636363623	0.29361369403
0.816666666722	0.709302325489
0.842860824017	0.743902439007
0.80882352939	0.68999999998
0.798732565281	0.614583333347
0.463116122579	0.731353266485
0.540322580566	0.446241167541
0.547590820095	0.670454545436
0.489703342068	0.684776652023
0.568027868984	0.833333333332
0.584962787579	0.62244897956
0.6052631579	0.510900359273
0.85483870964	0.613207547298
0.565573770468	0.618675367105
0.574497737776	0.497420502482
0.558333333334	0.468253969516
0.527877002409	0.469204144367
0.849999999991	0.58163265306
0.580068581784	0.496368203816
0.623823903305	0.547985901837
0.633842723945	0.540322580899
0.613751362135	0.566666666684
0.618541022924	0.553030302998
0.616681411025	0.542914571446
0.640350876926	0.537776198538
0.592592818262	0.52272727279
0.615450747584	0.523556136597
0.66346153838	0.549915461035
0.64764536478	0.546153846125
0.634297507376	0.536227105849
0.641799105126	0.549112655479
0.642250240006	0.538835112092
0.64219780898	0.55103809745
0.645454545488	0.564294017008
0.633928571288	0.629215626254
0.640210003646	0.530769230841
0.609090909139	0.513861593886
0.610419559882	0.537878787921
0.570175438698	0.557553331447
0.54166666789	0.525862069012
0.543877545464	0.529244368781
0.74999999969	0.543103448167
0.534963088274	0.790498279938
0.546153846142	0.60274478359
0.551470587991	0.561211850778
0.562077910896	0.546153846137
0.617187500024	0.571243129122
0.589999998729	0.539568789285
0.629310344791	0.539721144248
0.605173803771	0.653846153862
0.628642659191	0.524868099465
0.603335640185	0.522727272716
0.596326618413	0.540509739637
0.589260555581	0.544082381158
0.572580645162	0.507827405204
0.60957319503	0.522727273429
0.579353819618	0.56898829632
0.61472312435	0.535745776739
0.595986389975	0.515384615409
0.615848087352	0.653614407893
0.560747525792	0.510198676467
0.583877608932	0.531746031753
0.590888777865	0.500527071028
0.492774785609	0.658884146458
0.577836043195	0.461991371406
0.601960190713	0.537878787873
0.584925469483	0.522727272773
0.605263156041	0.539062497239
0.620895654259	0.606017006458
0.624302663189	0.6372549014
0.558449497748	0.495488198529
0.556451612661	0.604280850304
0.570610282434	0.529490898331
0.575	0.50000000007
0.595311829804	0.573205849981
0.584745762887	0.523437500094
0.587719298244	0.572580645195
0.576342141944	0.536288132601
0.608333333328	0.523437499458
0.602636547433	0.549327232932
0.60526315791	0.530769230789
0.595118329037	0.557691251178
0.628040001988	0.552354307973
0.606303968982	0.545126397591
0.589152358698	0.539292153984
0.60830287756	0.550019797889
0.611914460633	0.57258064516
0.615689222346	0.507575757593
0.599808669974	0.547619047733
0.631626102297	0.537616628529
0.60578436563	0.527959753261
0.609891600996	0.563840370787
0.614459224049	0.547619047671
0.619913774643	0.539062499992
0.577427398311	0.531403036865
0.6036788845	0.539062500208
0.63519344188	0.52272727268
0.604838709644	0.480163116467
0.875000000011	0.631978264164
0.550847457612	0.700000000004
0.544366840108	0.833333333275
0.53356445641	0.420634921056
0.541666666659	0.426456252753
0.516552205452	0.404738123318
0.445441764622	0.675438596484
0.452380952187	0.710000000035
0.568320573517	0.517334617081
0.611647823996	0.529210114815
0.591666666667	0.499999999952
0.591666666644	0.631384084334
0.590000000088	0.457811488048
0.638888888773	0.447907004334
0.620370370388	0.472222222167
0.645454545469	0.465437693949
0.60576923076	0.46806350411
0.62037037035	0.470931377578
0.616181464849	0.432895892485
0.59803921573	0.468912234008
0.558823530452	0.480815670224
0.586538461619	0.466907034354
0.586538461536	0.443396226412
0.575471698126	0.430361645794
0.605337106297	0.429824561002
0.598039215762	0.527588355989
0.581554172131	0.45794208681
0.588745720177	0.475715905176
0.579808423222	0.464065737388
0.600311429251	0.449079223275
0.620946320489	0.491335477207
0.612068967266	0.45107168583
0.601218926461	0.442296980365
0.546552413241	0.627659574528
0.550849773063	0.432697180971
0.570860597585	0.375026898838
0.435185185386	0.683673469401
0.550718308033	0.473287319962
0.553328979065	0.431491060451
0.595141699889	0.478053203212
0.591805770647	0.4625499182
0.558823529774	0.442449410027
0.599340481289	0.455357142874
0.812500000004	0.438587824561
0.526715586014	0.495821095743
0.523286463525	0.45193595821
0.525157400164	0.449480665745
0.519607843177	0.44502149816
0.859375000001	0.625237294239
0.850761956509	0.404822726343
0.522294838795	0.471153846549
0.529988024092	0.642857142931
0.587175174773	0.496402590681
0.578431372544	0.491071428549
0.585106382669	0.586091152549
0.582316165081	0.450328201501
0.54972238313	0.597826086952
0.46449399968	0.671108423005
0.565677797867	0.439655172388
0.607159108706	0.464912281227
0.596581768628	0.456981787796
0.574860519624	0.437517044674
0.581762379891	0.450173381335
0.579273084896	0.481818181781
0.616328048026	0.487395183533
0.590909090906	0.452893806129
0.556603773611	0.427272727134
0.521841790957	0.576923076921
0.583333333322	0.629999999998
0.474794043889	0.645756277043
0.640657458107	0.486774916519
0.567227078034	0.464862386532
0.556481007607	0.449653864729
0.572727272732	0.479614182925
0.54653777075	0.468980034411
0.562500000207	0.515251866755
0.547068482336	0.447935653098
0.514868663984	0.492418088368
0.512265912036	0.576086956527
0.514038031631	0.45885931995
0.575471698091	0.461343792236
0.556730579952	0.588888888926
0.572727272668	0.463554516252
0.565203635998	0.635416666526
0.492569694687	0.601851851984
0.569999999894	0.468462512586
0.461531595603	0.651785714338
0.561224489148	0.463973714709
0.541828211363	0.481818178947
0.594339622911	0.642361947952
0.587018481121	0.483050847668
0.619635627143	0.526785712053
0.854838709682	0.463747700392
0.55660377383	0.565156707269
0.513700468817	0.452142767473
0.544428631328	0.583333333333
0.530723279839	0.619565217322
0.519273958915	0.849999999996
0.473214287	0.412280701463
0.478728292924	0.467574839615
0.506878812212	0.409973148462
0.537735849089	0.458973043117
0.524923464869	0.483050847471
0.556603773893	0.614583333239
0.598039215769	0.521120354718
0.624326211801	0.480020706733
0.620370369739	0.508620688306
0.57272727276	0.512295763313
0.61000000001	0.549180328252
0.608979042795	0.529852976243
0.638888888824	0.491666666767
0.583333333414	0.468892022449
0.613207547171	0.505297704417
0.578148750098	0.494033717451
0.558333331997	0.456971159662
0.570175438604	0.468769691714
0.578752110878	0.60999999998
0.587096341101	0.475000000165
0.590909090908	0.508993347418
0.480392156909	0.449152542205
0.570175438599	0.454082529255
0.581259732558	0.459677419383
0.558443500986	0.475797483808
0.552631579171	0.783333333405
0.547619047687	0.464912280598
0.587719298225	0.810344827646
0.543103448234	0.491417466105
0.577586207391	0.478689086848
0.594827586201	0.500453562007
0.575000000017	0.472285644879
0.591666666741	0.491666666678
0.796874999992	0.470594335182
0.585938157135	0.483606556269
0.575000000056	0.470093894287
0.785714285722	0.458041049278
0.565593154748	0.46952463256
0.577586206882	0.478064407896
0.790322580674	0.513805353005
0.810344827577	0.48182135239
0.763757193176	0.671052631834
0.589056371433	0.495492688095
0.594827586335	0.462698482332
0.581967213133	0.435846138107
0.571461877158	0.808823529413
0.796874999967	0.490968852796
0.595804278286	0.483050846859
0.80303030303	0.481739212033
0.560344827553	0.486539084129
0.572727272723	0.511120796269
0.819444444507	0.387744439071
0.514188515739	0.838235294112
0.828125000002	0.427840168075
0.445454545447	0.644230769231
0.521266307528	0.408637103866
0.567796610172	0.786091907404
0.552631578934	0.477371530423
0.567465133595	0.453703703497
0.437550903664	0.621951219521
0.575471698109	0.799237162895
0.572954067931	0.488155003466
0.51750606704	0.481364333968
0.534788085394	0.450673238847
0.539628502433	0.437440070621
0.459240034955	0.670454545453
0.508620689644	0.409999999869
0.541666666664	0.41147620027
0.576106087927	0.460784313541
0.579495781336	0.461489573755
0.564362820845	0.478365214975
0.611434440777	0.518181818148
0.638228561843	0.561719172856
0.670212751365	0.50776527943
0.593023257202	0.516949154389
0.637500000017	0.464258041186
0.526116477185	0.619565217399
0.65126443841	0.494366196084
0.597826086879	0.462133544296
0.439867018045	0.597826086975
0.610205863809	0.456357909216
0.59111548198	0.494035298577
0.598221902793	0.490709992232
0.590909090908	0.467262582755
0.58035714286	0.409090908991
0.398148148274	0.706521739208
0.816666666625	0.444176367026
0.58653846155	0.445454545555
0.586538461588	0.512459538485
0.575441736611	0.472222222196
0.564410652969	0.462264150661
0.550024143442	0.509999999293
0.578431372578	0.471466567716
0.569999999708	0.452484393531
0.550663328897	0.481132075905
0.55098951147	0.450620834838
0.578431372562	0.464325551156
0.579572328427	0.400500526244
0.617204857796	0.359784618315
0.600173597606	0.447368421041
0.579829161204	0.630000000322
0.554437818128	0.456800285655
0.564814815058	0.442681420871
0.583751012346	0.458245107581
0.432388441099	0.645312586475
0.601694915244	0.432453215653
0.439655172335	0.597222222231
0.461140448811	0.625000000122
0.456712020159	0.688053863744
0.572727272675	0.488665423097
0.567796610218	0.459677419348
0.625992363762	0.45445610178
0.61607142868	0.499975290373
0.609090908948	0.50232267811
0.607536447268	0.514619359932
0.606249284288	0.500737683486
0.594827586205	0.489820077336
0.577664161919	0.499726527828
0.560344827474	0.453846153831
0.597524817836	0.539386163789
0.587719298094	0.521893095652
0.550847457346	0.854838709679
0.423332948716	0.643821322067
0.606858667217	0.602272727271
0.863636363616	0.622448979625
0.574999999843	0.643244610524
0.598148361734	0.655555555561
0.558735264912	0.462892777191
0.579198271109	0.833333333331
0.577586206903	0.620370370371
0.493619288631	0.637529053905
0.570175438629	0.484877510403
0.550847457626	0.663265306134
0.847222222101	0.412182939876
0.450819672036	0.426532660344
0.807692307703	0.338996901421
0.829811470104	0.616279069897
0.803030303002	0.354823933088
0.851351351089	0.746153844733
0.813484652305	0.363809177174
0.380683687747	0.676470588255
