0.549557286374	0.529764005957
0.57031250009	0.544949606495
0.54761904763	0.877076829456
0.536171711311	0.492424242495
0.539062499828	0.842857142894
0.456158460339	0.815105488126
0.900329732037	0.358632722855
0.459408479025	0.475798204948
0.466101694902	0.428011950045
0.541997440106	0.446688007134
0.526305277608	0.476972147465
0.543103448286	0.483580582897
0.568496464958	0.572916666668
0.663624664058	0.645199157823
0.584745762778	0.52434960707
0.584745762702	0.569553363662
0.608333333553	0.548368205779
0.591727456067	0.536293396514
0.57321515519	0.839285714303
0.51746454201	0.833293922116
0.588709677415	0.539028052007
0.52499999989	0.472215861123
0.590994286039	0.472723130877
0.536363635962	0.453272019125
0.542875305365	0.483161433142
0.54521132077	0.871428571432
0.525111198054	0.627659574466
0.594077008043	0.525684935899
0.558522524498	0.47853805156
0.504362155785	0.443645096551
0.538155909207	0.470041698913
0.490563611746	0.644593279417
0.580357142867	0.621688192441
0.54146838253	0.486805592138
0.560843389018	0.494600822966
0.500000001727	0.449607121737
0.847066387607	0.45952164923
0.563239933201	0.483606557405
0.51929491877	0.484744012786
0.481436038644	0.443068422159
0.871428571166	0.4630206377
0.308823529421	0.509053188434
0.563314739506	0.46814051993
0.871428571397	0.619565217454
0.403817345654	0.618421052157
0.867647058844	0.619565217362
0.47488852422	0.417939078329
0.577586210904	0.508333331459
0.565621146515	0.500654804321
0.828124999986	0.445492524429
0.533518307561	0.474235225747
0.874999999992	0.715909091714
0.878378358578	0.678978162917
0.429504645442	0.687499999998
0.53893953303	0.451752805548
0.890624999995	0.476932500626
0.49599320082	0.642857142898
0.524080198556	0.461338281365
0.56984800822	0.472188869302
0.549489364083	0.481009012845
0.549180327842	0.483050847006
0.79687499999	0.480064738542
0.822580647032	0.48788604216
0.544935365688	0.822580645172
0.533880041497	0.828124999986
0.847800559165	0.650000000003
0.7974826718	0.461319932749
0.890624999909	0.485012632908
0.526785714073	0.858974193771
0.543103448264	0.676444603679
0.571210341451	0.458931472636
0.552606393177	0.46451240563
0.528235070646	0.588888888756
0.503172964264	0.622448979805
0.495319875076	0.44520232635
0.869745212141	0.485579046434
0.85619468796	0.658425499388
0.591295097966	0.499874860921
0.560344827602	0.493695384472
0.870891536992	0.611111111119
0.842170731283	0.468928226459
0.547144494268	0.453237538695
0.518405736995	0.43235348871
0.549769022708	0.851142268176
0.524193548195	0.485521147369
0.601694915239	0.509669018797
0.570175438625	0.480468521324
0.859375	0.492853333269
0.562500000447	0.524709452369
0.568911326145	0.505025971633
0.867647058812	0.633667219268
0.479707396907	0.656250000004
0.46011870696	0.421476572625
0.604042680323	0.524193548413
0.605263157888	0.519535594584
0.584092270509	0.512350055285
0.567226029421	0.499999999235
0.545723783587	0.486477075143
0.536363636059	0.470496220584
0.832911934514	0.627659574474
0.560344827626	0.622448979662
0.594206841705	0.529352745601
0.451885344884	0.421612998004
0.524456232575	0.48861613389
0.516949152531	0.463336755493
0.543103448262	0.479325211281
0.491379310392	0.842857142878
0.607503187141	0.507781899109
0.594827586208	0.49999999999
0.577586206897	0.508333332981
0.551121404391	0.616279069768
0.474137931029	0.491409940225
0.508333332396	0.449909538186
0.867647058574	0.623176409142
0.594294437185	0.48965203908
0.580993494203	0.508064516025
0.546902341833	0.513900433944
0.577586206899	0.480046131132
0.580572859546	0.500436355578
0.612068965501	0.53475462217
0.592473154998	0.500000000111
0.583683977845	0.521785937417
0.579425079092	0.50161221962
0.839642336374	0.474137931107
0.607883982158	0.530349063767
0.598214285948	0.549180328
0.594827586173	0.507812499989
0.591666667248	0.526893366637
0.53758106133	0.541294290801
0.600840318564	0.51855198353
0.592995935595	0.516393442588
0.560344827627	0.501572888765
0.564491007499	0.51639344265
0.568394931173	0.507813811179
0.577324539183	0.523437500105
0.567796610178	0.518287914662
0.554117206238	0.501090308873
0.553491900509	0.485843218079
0.549180327922	0.512518609469
0.58474576271	0.843256609095
0.572267731736	0.499999999919
0.828947368414	0.704081632624
0.559548820849	0.489957901892
0.459109918015	0.663265306101
0.402574670095	0.639534883785
0.881286292306	0.650304683351
0.852835521064	0.68478260889
0.439655172396	0.656862537394
0.822580645177	0.431119393407
0.550847457528	0.508333333461
0.527740470214	0.483029763835
0.875000000003	0.655555555657
0.842778597861	0.403914461408
0.791213292975	0.424601147842
0.466180178849	0.426345955827
0.525000000031	0.517543859642
0.516393442631	0.663265305858
0.560344827582	0.491935483853
0.60149454512	0.511637875167
0.601694915245	0.508064515798
0.589457481763	0.511448564688
0.56034482758	0.499999999889
0.590364784569	0.527733477342
0.57017543858	0.523437500015
0.579813677717	0.531746031737
0.560344827626	0.507812500031
0.591666666635	0.479291481439
0.581240679908	0.529730290535
0.591647830363	0.502517505816
0.570175438612	0.822580645193
0.560344845133	0.515384615295
0.518616816832	0.453695456968
0.883333333281	0.432612103749
0.488695496871	0.452079904285
0.503662978665	0.463474305614
0.457539842535	0.405748180505
0.453928980651	0.632609470826
0.541666666681	0.467213114864
0.558333333333	0.445849217344
0.534914351753	0.484126984117
0.54032258067	0.436507936645
0.491935483848	0.458229307393
0.492908485762	0.80791577807
0.532786885214	0.405143963928
0.548049572138	0.613207547181
0.523608419291	0.435648342254
0.871428571461	0.467213114728
0.531099725127	0.468577458796
0.546073756034	0.494249293258
0.594827586212	0.536190382707
0.584122740598	0.590741255398
0.585244057354	0.495378773596
0.593505144909	0.556376487098
0.536725640903	0.517417988397
0.521937124555	0.500000000002
0.562312402536	0.498121539311
0.496506865142	0.606813952552
0.580483614033	0.509864292272
0.594827586239	0.529060927867
0.596463383287	0.531746031736
0.575000000054	0.508598907325
0.584029213576	0.522381759137
0.574999999997	0.597826086932
0.575000000015	0.524193548282
0.5948275862	0.555983728117
0.605118263966	0.552778272622
0.594827586277	0.523437499955
0.577586206968	0.555279872535
0.587719298233	0.554687500067
0.537365767341	0.48683299951
0.513895470308	0.45549049643
0.549180327907	0.474534375846
0.612068965471	0.521342608245
0.594827586248	0.536495114361
0.586921262453	0.532231735082
0.594827586224	0.539062500075
0.590460237879	0.52751249149
0.546058556028	0.47532522514
0.900970102661	0.454601990366
0.524999999962	0.892437595709
0.872279271792	0.625000000004
0.523354049657	0.44744864976
0.512721912518	0.478918850588
0.491666666561	0.834581258484
0.477239035983	0.576086956521
0.531367205253	0.670212766004
0.558333333327	0.496188909835
0.532786885418	0.617647058847
0.524637190264	0.464049269147
0.483442124593	0.663461538456
0.533985170902	0.472427537352
0.521181444907	0.48412698406
0.558333333285	0.63207547169
0.558333333342	0.850000000015
0.570265455884	0.508064516167
0.565573770536	0.506730455885
0.508064516074	0.663043478277
0.551917722367	0.491666666624
0.558333333336	0.494702319852
0.561264578955	0.527481267902
0.577586206897	0.539062500269
0.568338551128	0.532043294218
0.567796610164	0.524727145921
0.851475841007	0.630000000188
0.828125000204	0.490670373968
0.541666666624	0.475491073127
0.517037843731	0.796875830549
0.476851725774	0.822580645173
0.575000000003	0.529249230392
0.578254899659	0.663265306126
0.567270103399	0.500000000146
0.566688643963	0.499999999954
0.570993410028	0.528079911619
0.582401655996	0.515384615287
0.558333333333	0.484615384658
0.565573770487	0.488495928969
0.518265090172	0.467355983464
0.822580645167	0.50314580641
0.565256405445	0.506359439017
0.588709677462	0.539062500004
0.575	0.539062500064
0.624999999083	0.55943614638
0.598986019654	0.571404140111
0.598236384519	0.572644831248
0.599136461352	0.507575757568
0.565573770526	0.492347468836
0.528667934486	0.478856034694
0.54416880908	0.504586047572
0.625000000004	0.524296648843
0.602995825365	0.567246332208
0.561659037373	0.457894985817
0.569885254066	0.557506256035
0.540322580646	0.523437500073
0.521817536329	0.460086962534
0.556451612898	0.527014570706
0.60571120199	0.565386578066
0.592911940643	0.579214530301
0.579365079369	0.541299140662
0.566168036384	0.553030302911
0.581967212569	0.534662413576
0.555083966654	0.495513197475
0.571554116625	0.49970929521
0.605263157919	0.522313645346
0.586350282689	0.505754061771
0.611698377605	0.523437499984
0.558333334103	0.503272276161
0.610923188234	0.527513337792
0.569996506406	0.514230275148
0.566583625943	0.529849096313
0.553623373748	0.511965455571
0.576641788559	0.509613713944
0.564940128584	0.847222222242
0.588730916592	0.541918018231
0.571038671877	0.51825003698
0.573949629877	0.52870510664
0.569863383095	0.859374999995
0.585829956867	0.863636363644
0.50193979996	0.635135135133
0.565573771219	0.485663637195
0.593329228493	0.535513145999
0.605372784521	0.537272971975
0.549870123796	0.676470588213
0.562720581384	0.512009016678
0.500897401997	0.859375
0.587719298246	0.546153846237
0.565573773161	0.85
0.556492765962	0.84285714278
0.565170287934	0.525241887373
0.599945890117	0.546153846081
0.601308422474	0.537673077023
0.560263108018	0.548777672557
0.566803031276	0.514962257981
0.554077437041	0.497660666782
0.558333333319	0.847222222087
0.541666666693	0.828124999587
0.55833333309	0.507812500736
0.575758734816	0.84722222222
0.588013140971	0.540461510129
0.55833333332	0.4757417243
0.572580645049	0.819444444453
0.556451612937	0.828124999985
0.536774186377	0.497214151771
0.541666666571	0.854968420716
0.549180327794	0.810344827628
0.838235294216	0.572916666672
0.572977714015	0.516695662051
0.584745762732	0.527638734725
0.577563496589	0.859375000017
0.574999999972	0.546985007315
0.572580645194	0.541879106227
0.574486007131	0.859375000002
0.558333333343	0.525821466614
0.544638411067	0.516048152933
0.504452090546	0.84096783458
0.861777162203	0.499170621486
0.519467429111	0.834391110471
0.567796610093	0.54302138398
0.604206398048	0.550234395865
0.552631578948	0.546153846147
0.526785714284	0.533132512406
0.574892363589	0.551182066529
0.517270070122	0.508064527484
0.508333334606	0.484126984127
0.483050848014	0.518466237483
0.491379310347	0.517631444896
0.56488789012	0.580352270295
0.598360655737	0.572349974494
0.598360656309	0.576923077095
0.591784219635	0.554687499958
0.567096296353	0.545512991938
0.53278688528	0.5183703613
0.547619047641	0.517522338476
0.500000000073	0.50000000038
0.532984700881	0.491644365399
0.553912646137	0.843779110091
0.598360655733	0.53514947922
0.597361436765	0.567236028243
0.549180327906	0.521740381733
0.51899402788	0.851351351318
0.858974358983	0.51246028042
0.547539237979	0.510534688365
0.51553445308	0.808823529447
0.491296845701	0.49515914022
0.519437190563	0.451208056696
0.608333333328	0.555588349162
0.559111153353	0.567140182735
0.549180327898	0.492187500009
0.839285714296	0.505635976422
0.534444513617	0.484126984128
0.534284433617	0.540322580504
0.581640553711	0.540060345358
0.571416452386	0.55082889008
0.543695143143	0.812234815453
0.515873015879	0.489192329776
0.59836065574	0.56133242923
0.597541804781	0.539062499921
0.57510987524	0.50150240138
0.553819535899	0.489821060927
0.50873587207	0.479461063381
0.51694915279	0.475000000052
0.487464640479	0.851351348577
0.537790373828	0.49166666673
0.577742293217	0.484126984114
0.545473877701	0.505871507426
0.476843096132	0.462606329033
0.545640497342	0.863636363538
0.516393442628	0.445248335905
0.523098463036	0.471024396303
0.560435857204	0.500598365479
0.551896861805	0.476111387759
0.570759238548	0.537955528213
0.525793152446	0.515204277709
0.541669571792	0.518587113353
0.545426960631	0.531746031652
0.591427870039	0.55621175565
0.514016469688	0.503716712603
0.581967213177	0.510046490024
0.565573770751	0.492735538256
0.550862755947	0.475806451632
0.500000000029	0.474517378144
0.522735121842	0.484240255836
0.871428571402	0.492972090877
0.570175437959	0.509540056188
0.53038707074	0.4556244111
0.540743577235	0.478919820507
0.577586206764	0.531079821837
0.544842867988	0.519856130529
0.525862068857	0.783333335108
0.560344827631	0.503850716875
0.525000000484	0.516973408972
0.572373829155	0.22972972976
0.574999999995	0.514405667216
0.540969617439	0.512005067105
0.555317734679	0.500770341508
0.842857142787	0.484126984036
0.565573770587	0.484126984103
0.569202325211	0.484126984183
0.572788664091	0.557608318041
0.552631578949	0.520964623999
0.505316172268	0.655555555557
0.552208760671	0.507575757495
0.537461958431	0.496253267886
0.550338541496	0.525507893171
0.568503140837	0.50781250004
0.550875842966	0.524193549577
0.565573770592	0.515207242348
0.57017543856	0.530769231027
0.544295849291	0.552216617558
0.549180328122	0.504208941578
0.581967213154	0.547619047304
0.575402194915	0.515734336696
0.556451612917	0.507812499996
0.575000000017	0.523437499981
0.608333333346	0.563310093312
0.56557377002	0.508064516133
0.580314004053	0.542379500116
0.490740740678	0.516393442607
0.556451612902	0.506347523193
0.54768363174	0.522298859244
0.548079417994	0.508064515461
0.56231084636	0.493641555519
0.578640890477	0.539026530696
0.565573770424	0.530500708764
0.562250231277	0.507812499999
0.551705582374	0.503505873099
0.540322580647	0.494545567217
0.577869833924	0.51538461543
0.56557377054	0.511551453308
0.829940533065	0.518843818783
0.797772481255	0.498551403398
0.532786885284	0.822580645176
0.579880619367	0.537874797477
0.577513233145	0.536225226124
0.556451612998	0.473558599747
0.525862069101	0.501932231184
0.512109037861	0.491392179442
0.50546957768	0.500000000011
0.512231914404	0.58510638293
0.436507935463	0.618872937483
0.524581042844	0.491935483861
0.570876475396	0.529638744899
0.501823723746	0.531746031829
0.475383297677	0.837223970607
0.560561952286	0.561538461392
0.465802050185	0.525072751037
0.563798238865	0.527328480535
0.580184086014	0.523437500001
0.515998387057	0.51537257201
0.520053057846	0.810344827839
0.84486358082	0.594202294646
0.577586207552	0.555062619017
0.591666666655	0.537878788182
0.567796610234	0.516648120641
0.545850439098	0.528370957469
0.505427691133	0.477496051242
0.7659531453	0.511769313858
0.568480265905	0.551869734485
0.803030303174	0.549765739091
0.561755455201	0.824288204634
0.562007044189	0.822580645164
0.565106811917	0.553155629315
0.58483199336	0.859374999961
0.551969996372	0.528019549218
0.572580645114	0.53070401633
0.519607843081	0.544473730054
0.563000931875	0.561538461664
0.570975787196	0.553030303063
0.598214285732	0.554687499991
0.592849701249	0.522727272719
0.570175438618	0.546153846147
0.524985439906	0.558287202603
0.474807909849	0.541030503963
0.598360655756	0.549125156162
0.573786567586	0.53787878789
0.535087719292	0.622448979606
0.567549479854	0.496544411679
0.519708555056	0.5306285843
0.503609705176	0.485920412775
0.516949152583	0.477132513726
0.562500000021	0.539062500018
0.568609438657	0.523437500314
0.570113748264	0.531746031683
0.57504021121	0.523087275837
0.556451620321	0.492187499999
0.562881232493	0.494231008773
0.532786885326	0.493120737987
0.507812499994	0.456387129971
0.484126984081	0.808823529396
0.476260315259	0.453224566549
0.52816458041	0.468661437071
0.499227788034	0.468038165344
0.540322580674	0.487400705498
0.502814479583	0.469640103407
0.517196901634	0.433427329596
