0.572580645136	0.583750101925
0.594827586157	0.591464222716
0.602117448046	0.577586206892
0.588325396925	0.569042805198
0.592009101147	0.575000000035
0.601694915297	0.550465003295
0.555708757366	0.541447065144
0.570541788599	0.552628520978
0.581115691406	0.566925181604
0.629615871626	0.6090909091
0.566823843775	0.570175438589
0.582730815404	0.509259259176
0.588549752697	0.556588622228
0.561468569767	0.533711191082
0.575032048222	0.564814814817
0.619632293182	0.554836635161
0.615572259463	0.615316498489
0.626156766537	0.555488824227
0.630401082582	0.577586206696
0.61656840077	0.601694914834
0.615865997273	0.575868641102
0.60619691276	0.54985860397
0.604676533086	0.56689834884
0.594827586132	0.556451612965
0.570754921385	0.551446351924
0.619492810285	0.579962648198
0.617429548551	0.558333333349
0.611134022429	0.590909090804
0.627059947689	0.597794707886
0.579958860359	0.56313879757
0.606452909667	0.557020138106
0.610349861291	0.533898301688
0.617457692734	0.588151784427
0.599693127844	0.595268904573
0.651785714034	0.611226283325
0.622973330298	0.620370370369
0.606052347605	0.560344827605
0.585174977842	0.532608695602
0.624560585523	0.634349474092
0.618605224331	0.571829351061
0.581178184052	0.547016969405
0.607760800683	0.55812924258
0.602928003507	0.575471698073
0.604692234979	0.541403137476
0.633928571533	0.598214285324
0.614258235069	0.577586206906
0.602257660023	0.605263157756
0.593432086992	0.599569829921
0.585591988261	0.555800996946
0.612068966107	0.53188152673
0.62210245095	0.569636607025
0.629643667494	0.590606096141
0.62207796579	0.578695465259
0.634408367726	0.563687932033
0.583372799888	0.566435558306
0.576968430942	0.574056764694
0.587730392447	0.541666666547
0.599662533013	0.550847457422
0.597087219309	0.552631578977
0.620307792582	0.540232068722
0.601971042307	0.595338901992
0.601851851905	0.588500958019
0.63805215412	0.56902366459
0.636875734181	0.607300701421
0.630816037591	0.620719748784
0.620177095558	0.592869490428
0.599043294873	0.620897703769
0.642738031569	0.612941826734
0.647945419385	0.601694915203
0.619147205743	0.594827586203
0.617061121753	0.616071428542
0.633928571419	0.611665129771
0.62888696306	0.598360655741
0.582018375593	0.547105436567
0.601851850515	0.615723358967
0.587719297677	0.524950228608
0.577586206888	0.525838250323
0.594827586201	0.550312325071
0.527810944175	0.544210039893
0.534719500914	0.567456980789
0.621313731363	0.558333333368
0.589660881095	0.592836628179
0.590483113113	0.577899617643
0.584745762688	0.549010255198
0.598214285745	0.533898305275
0.562500000005	0.517624361017
0.574004088271	0.538774983165
0.601696994397	0.505326577105
0.581233877933	0.529740493002
0.57631074664	0.516393442574
0.58727162613	0.562499999984
0.584856615126	0.533898305104
0.550427257055	0.55418058841
0.590599852241	0.535087719295
0.587597273315	0.57430238717
0.601851852554	0.606488255028
0.628970563458	0.613207547276
0.585801084881	0.56838924215
0.584061061756	0.600453865489
0.593522326501	0.581721564312
0.622594682117	0.618129269416
0.56059325084	0.613718162711
0.594314352986	0.555266836286
0.583333333217	0.559356370145
0.562627108555	0.563775332931
0.586538461465	0.590000000046
0.60739104848	0.562499999998
0.595609394113	0.537520633789
0.520069989853	0.529999009621
0.504961003577	0.533352639682
0.554545454537	0.491666666846
0.588629989584	0.559123230844
0.558458738242	0.562565210766
0.590909090927	0.540380527859
0.565977354835	0.537735849105
0.6700051865	0.599187893845
0.650943396556	0.619836211304
0.647868216668	0.625082378858
0.665994925135	0.567697130592
0.648676020084	0.567796610164
0.631239189038	0.603568739605
0.660158959709	0.607918539811
0.568704137373	0.554748824724
0.570175438617	0.537768959201
0.552085272902	0.553423603024
0.551418187138	0.557006051848
0.575743444947	0.508333333291
0.570765696504	0.527284186692
0.560274500014	0.519731257352
0.54608276195	0.575171435369
0.572727271439	0.532786885097
0.5727272727	0.552885223242
0.579431160517	0.508783003896
0.598214285756	0.538016189655
0.593501306024	0.543103448279
0.590909090933	0.554545454505
0.563572510505	0.562499999948
0.55910951015	0.508005009696
0.581189548905	0.531433690439
0.592068370816	0.526620771719
0.563191797906	0.517543859681
0.569364807875	0.560648190733
0.562500000203	0.517372013245
0.55748297913	0.601851851759
0.567716720362	0.525862069141
0.6073652454	0.567343396824
0.598214285673	0.54166666664
0.58511282841	0.539087150822
0.567366871451	0.519557075774
0.594827586208	0.562499999968
0.582432229765	0.542775086148
0.583333333505	0.500000000074
0.58333333184	0.540253531793
0.580620588252	0.536364152316
0.574858740163	0.557140508264
0.589694301519	0.578489613362
0.549752713496	0.546881514822
0.573871402808	0.531263157165
0.581307978393	0.615847769854
0.598214285762	0.594339622632
0.581417257121	0.589584786493
0.581755679872	0.565147193852
0.574218220366	0.528044842727
0.585305868688	0.587399367872
0.567113758104	0.53077085833
0.579198655064	0.548237169797
0.597943099212	0.557862200465
0.56204408639	0.594339622694
0.566563372365	0.533755368881
0.575471698301	0.538114150249
0.517543859795	0.507368476386
0.515444563989	0.488237195516
0.559788977857	0.526785714352
0.587848192413	0.554545454577
0.587719305852	0.570175438551
0.594456414308	0.553261296387
0.583333333346	0.554228503327
0.587719298291	0.554545454553
0.579703833094	0.526545855607
0.590909090678	0.545479097989
0.568762496788	0.535087719269
0.555237414138	0.535087720403
0.594827586169	0.549837985473
0.606196119398	0.586230341219
0.580971009166	0.544642857161
0.633928571428	0.594827586155
0.605263157917	0.62872977971
0.611202273408	0.582530266662
0.624098240034	0.590607964456
0.59165074756	0.578791202473
0.573722920791	0.526785714302
0.605335882193	0.560464789598
0.588765697572	0.600574705185
0.59821428575	0.547017822879
0.616071428888	0.609090909096
0.610437645967	0.579927754846
0.639722698156	0.615721235502
0.633570955151	0.562235036549
0.628276910887	0.59291666756
0.587719302058	0.550847457755
0.603192084374	0.571105755814
0.633019949174	0.563492063417
0.637524285557	0.562499999816
0.623594536462	0.616071428644
0.620203458386	0.570175438567
0.573169250912	0.548076923078
0.511892092705	0.466989596673
0.517861599136	0.473653529242
0.522162423469	0.481818181893
0.486887268637	0.471142347001
0.525862068581	0.50540853951
0.527462813427	0.51318526999
0.673185548828	0.576163396721
0.575759822901	0.602654158124
0.562499999959	0.553889648067
0.59334889145	0.532786885211
0.596254791922	0.550820759028
0.5257259687	0.508620689731
0.499999999902	0.529070308483
0.52800707155	0.516777613836
0.527777777751	0.539215686106
0.516947700515	0.529646491132
0.637434793667	0.543440771835
0.636322479413	0.567447048819
0.639542741677	0.634067831633
0.631510313898	0.577586206843
0.627689280625	0.552647706189
0.656795454962	0.605263157846
0.63355546115	0.624775883948
0.61751060313	0.647895168279
0.634135692944	0.581694924011
0.605769230913	0.616071429989
0.620370372103	0.612874850883
0.591890400188	0.577411923877
0.639500479401	0.593151944267
0.596606183578	0.587719298269
0.59187532006	0.550847457655
0.570426934338	0.585350613706
0.543103448283	0.496591411917
0.524478022907	0.517281253088
0.524193548453	0.512665566027
0.567568488267	0.525000000059
0.571233193188	0.552812886288
0.560344826088	0.532976483233
0.570776350417	0.545287504074
0.605263157855	0.558333333538
0.630186044089	0.617744194963
0.578875520172	0.552631578862
0.587719298252	0.531746033825
0.595155932733	0.556603773451
0.600311650489	0.544919587009
0.573670959845	0.571466645711
0.554545454592	0.544642857074
0.565855510359	0.543019753438
0.609090909084	0.565465241436
0.576591682312	0.577729916099
0.602664820994	0.526785714441
0.623482808926	0.582800561465
0.585960612803	0.508620690118
0.555881329838	0.555773243431
0.587084546714	0.546223863595
0.583670699943	0.540322580621
0.517633230868	0.531564959206
0.571437237626	0.520128577946
0.526672187163	0.501367745698
0.542235939296	0.51378612152
0.522156913938	0.499970454419
0.579903663939	0.514030206564
0.516989600241	0.502608975414
0.534777773565	0.486051747566
0.890624999993	0.464912280732
0.516393442782	0.484255532728
0.504474941473	0.536208567973
0.519434060705	0.479973790279
0.547932002284	0.580031772141
0.563493338266	0.519891129391
0.572068024943	0.552931730039
0.600508673735	0.561585886437
0.582827363432	0.572458707748
0.621886250366	0.550847457645
0.616510161357	0.572727272759
0.640350877172	0.562499999814
0.570004575947	0.571390141473
0.593838952102	0.557821311456
0.595409885874	0.56479069364
0.61043473872	0.549180327883
0.63462758368	0.604653348339
0.631549845306	0.60909090889
0.585493652317	0.582356938208
0.558549386336	0.574004677938
0.597245356899	0.572900448741
0.605676789168	0.614359275156
0.605263157698	0.541793395699
0.562606033302	0.534791314948
0.527337091581	0.556512839059
0.553357017533	0.517544309523
0.579875957467	0.518456394799
0.561170668303	0.550189711208
0.586981662385	0.612677562379
0.59536610656	0.56557377032
0.623002079931	0.616318948521
0.66497271278	0.577317343327
0.615623087692	0.582591164707
0.580357142855	0.552631578914
0.578828384798	0.572727272749
0.598214286102	0.565573770444
0.577820824641	0.570175438613
0.533080386512	0.550847457716
0.566738072609	0.541921009349
0.595177672982	0.587719298143
0.619597217514	0.589312528142
0.561252228641	0.556808699954
0.552942061789	0.538889035021
0.579663339418	0.519877940952
0.549123419724	0.530320711014
0.572727272714	0.528557461861
0.565319430226	0.54310344814
0.624514941949	0.594164403309
0.535087719304	0.528975818445
0.532286834916	0.509921405739
0.620332002752	0.580357142875
0.582612314291	0.607417952053
0.613207547226	0.606124558888
0.583333333086	0.554545454476
0.57147731239	0.555223924715
0.598190635256	0.559315766998
0.562904815724	0.553070102831
0.531496915605	0.544642857233
0.59911107598	0.509042692848
0.566194171961	0.550458525948
0.634346292836	0.561873455695
0.556413867667	0.52586206896
0.586560932719	0.493678624824
0.546989193946	0.508333333326
0.637407872165	0.57382466918
0.583780548558	0.507605204354
0.512689049194	0.481957730955
0.491379310347	0.495230716951
0.607656817058	0.425596101321
0.570175438742	0.562246604277
0.565241956885	0.538901731627
0.600021370018	0.565795567293
0.653851778919	0.603906537175
0.577586206897	0.507490481233
0.636516356187	0.591666666651
0.601395660753	0.533011056566
0.569273463708	0.557754258467
0.545919147569	0.515686369995
0.8636363636	0.525000000086
0.651505452838	0.591666666677
0.600003330811	0.616071428619
0.633194944218	0.577586206914
0.842731823352	0.536725324861
0.448695317348	0.469676261588
0.49816915801	0.507810898168
0.600044421003	0.519855870088
0.602293263024	0.560344827661
0.622782076939	0.594827586249
0.619820048082	0.624331628376
0.583105176505	0.57017543865
0.588899381364	0.57420016982
0.58653846156	0.543883199999
0.589678394502	0.565599528952
0.60526315796	0.55508474378
0.571924384246	0.552631578981
0.619190137395	0.582598213109
0.598039215653	0.55968265771
0.587719298109	0.572090348389
0.617647058838	0.614788553048
0.617582671923	0.631100033841
0.55208333335	0.599227950198
0.191176470554	0.567796610177
0.556291300539	0.522242080825
0.553855436904	0.508333333284
0.508333343657	0.515019334275
0.56034482759	0.518549035038
0.543103434518	0.492507627191
0.619859196736	0.583904220187
0.624999998022	0.59796864433
0.60596131771	0.600017132547
0.584684369438	0.587719296523
0.601851851881	0.560344827587
0.586822461946	0.529527956892
0.548124035623	0.540498533331
0.542362258532	0.540322582814
0.52634459462	0.508928571438
0.495625598068	0.461050128451
0.517749025587	0.474318721486
0.494425470373	0.487062826548
0.500000002031	0.480054971621
0.627771815934	0.541666666615
0.355263157868	0.565277048571
0.605263158064	0.564231115275
0.525000000302	0.503301099349
0.545889949408	0.510219550036
0.490740740636	0.464912280836
0.462920374712	0.451522173044
0.491389425711	0.505648636026
0.507121879813	0.505054689532
0.488204196155	0.488558417526
0.629310344829	0.605263157806
0.630456710747	0.565882143914
0.540164007338	0.525862068943
0.481818181888	0.501151704529
0.526785714362	0.52993021349
0.608333333369	0.569908091261
0.607327319136	0.622807017432
0.657141489896	0.596708837285
0.262500000002	0.558246398952
0.591666668543	0.567873398935
0.535189314624	0.561894698479
0.555199320867	0.52678571432
0.558322696563	0.507764891915
0.556232323498	0.536899864994
0.517543859709	0.506083546565
0.544642857097	0.519664111532
0.526785714284	0.484119647764
0.513115724048	0.526785714301
0.496661727901	0.496687950224
0.580357142994	0.551206620719
0.568013728442	0.529976337186
0.544642857156	0.500000000048
0.646155275108	0.57547169809
0.604737560876	0.569748007773
0.625000000055	0.603414420459
0.639361227473	0.591666667118
0.651785714321	0.589793228308
0.61969875012	0.575309281163
0.613860855082	0.622448979633
0.604315920096	0.560344827803
0.602379343375	0.615912916187
0.570279423929	0.555219645625
0.529625475655	0.578431372558
0.516268952422	0.532964573561
0.6229045529	0.613790998621
0.629310344829	0.658442515266
0.638888888825	0.565573771188
0.641180019753	0.629054766714
0.619174536794	0.58892580115
0.563845949917	0.533898305098
0.547610934712	0.546080374084
0.538135840924	0.518215244702
0.544043194205	0.527777777881
0.568422169442	0.567751099899
0.53636363665	0.599954620645
0.601851853732	0.590709915188
0.612127235551	0.605263157936
0.581768524599	0.580266991026
0.612541388721	0.583049247502
0.570383916437	0.570000001321
0.584408494697	0.598039215655
0.632768301578	0.573593881265
0.582008910535	0.598984871766
0.629310344855	0.594827586672
0.60909090929	0.547293294242
0.626341743575	0.55417611383
0.603009985027	0.541666666609
0.588716582574	0.600043821326
0.577911937126	0.553759316506
0.60912553407	0.552238994163
0.600118642496	0.561449008647
0.622807017622	0.574375354669
0.597141187569	0.613207544666
0.549161509961	0.550847457632
0.586067157244	0.567796610161
0.541075143472	0.594557625597
0.539785427057	0.553327260842
0.4913470784	0.550007781044
0.556603773619	0.624095544664
0.517941722199	0.559431960323
0.49910057485	0.509259259202
0.526785714738	0.548076923105
0.519764802092	0.53773584904
0.552631578942	0.568386624431
0.613741403004	0.578431372305
0.618644067889	0.614069947674
0.600938715722	0.586538461527
0.615685908664	0.591519457918
0.631054983807	0.604768388201
0.576890742682	0.579204234401
0.583640023432	0.583447385362
0.572727272703	0.594894184191
0.557453438611	0.595647869319
0.605021772016	0.596586124935
0.507796898837	0.555339197945
0.561611350893	0.530840929547
0.549611921639	0.50939972629
0.557759035705	0.533417184496
0.537443713006	0.572396615009
0.537735849101	0.526632512052
0.504608276517	0.510560401047
0.512460340663	0.520515933771
0.475145317937	0.509259259342
0.508421703351	0.524664337334
0.585327742167	0.579214268881
0.622288504998	0.565322674205
0.616989065017	0.600968923236
0.617804535673	0.594996400994
0.55173919792	0.556887308474
0.526982058146	0.589999999995
0.519607843188	0.705128205155
0.527777777782	0.518181817982
0.481240410729	0.5690540152
0.477599657466	0.485446213137
0.474838088462	0.554347826077
0.803030303026	0.47997053071
0.48057203511	0.504156824945
0.500000000188	0.510869565205
0.499999999997	0.523842802612
0.492470372502	0.532608695622
0.491666666677	0.531250000001
0.456624218554	0.500548510614
0.499999999948	0.481132075464
0.464912280727	0.476221784236
0.497876486753	0.500323129805
0.48736953147	0.500000000036
0.525862068966	0.540138995186
0.483942072344	0.481132075564
0.513731833269	0.573842523396
0.528354839535	0.578431372631
0.562499999625	0.587804170739
0.599626968543	0.577586206912
0.58557092527	0.632098495279
0.57795815484	0.594339622581
0.590909090872	0.583407266958
0.599863507353	0.558333333315
0.577890362726	0.577586206844
0.598214286442	0.569325102195
0.622718459476	0.587719298166
0.619040604516	0.605263157847
0.621764853226	0.586505806906
0.625879855128	0.601694915286
0.634538468675	0.556908246964
0.619770597158	0.572581681118
0.60625967143	0.547606864427
0.612763567076	0.613207547152
0.573483242166	0.607526785861
0.582161927971	0.560344827364
0.632325214342	0.572333818508
0.651785714258	0.638888888852
0.635700704235	0.580004102893
0.586270661152	0.570240817957
0.626874648962	0.595584282794
0.631563949867	0.602765512021
0.576402291418	0.562529701818
0.49785701608	0.508004116462
0.567796610172	0.514425610875
0.508928571439	0.499999999926
0.490740740745	0.450796605911
0.47115384611	0.487657488472
0.542992676557	0.511085053139
0.481132075459	0.50000000002
0.518181818174	0.482456140377
0.526785714268	0.491447603863
0.580357142826	0.520716651718
0.594784357867	0.542230351636
0.5323979896	0.515297974915
0.572949856605	0.575764128355
0.625000000007	0.595574163871
0.637368452281	0.58196721311
0.632075471694	0.560344827613
0.638888888959	0.596091411845
0.636255091909	0.651244943247
0.530463335502	0.526107169065
0.530000000028	0.51179682289
0.506812725154	0.611406084731
0.557142857128	0.572916666602
0.519692644969	0.56088157002
0.470026162248	0.560052551561
0.587719295296	0.541656774008
0.583333333273	0.58125977041
0.570750288051	0.516429705351
0.562499999884	0.570175438645
0.532093222928	0.575321893864
0.571004670435	0.576062669297
0.590909090895	0.537502286366
0.572727272719	0.507209591938
0.588487043929	0.516393442512
0.580357142871	0.540163879606
0.580357142911	0.515360727515
0.675925925821	0.617340565138
0.64035087739	0.612068965529
0.648060961771	0.622154273805
0.640779995219	0.645454545385
0.587719298208	0.605263157937
0.640350877402	0.610266048581
0.532448906302	0.562828630959
0.536246971043	0.53389829817
0.636424131068	0.638888888859
0.565573834893	0.552631578946
0.620370370234	0.374999999987
0.602147467074	0.579906218329
0.655236332006	0.598214285641
0.616595077131	0.584876822906
0.616943783268	0.604978730459
0.617183269004	0.632222551214
0.60526315783	0.568674186677
0.584745762692	0.627272727267
0.570175438555	0.586369326683
0.844827586212	0.555639247066
0.570757289482	0.570175438583
0.635997466444	0.604659118239
0.594827586204	0.536290104564
0.578616253932	0.541596655115
0.512675532858	0.514803258836
0.575456563759	0.55511866014
0.652221562161	0.652938811401
0.602106123653	0.577586207143
0.629698710749	0.630031353964
0.616059746798	0.580917933388
0.606680430804	0.602297182818
0.63392857152	0.631147540896
0.622807017545	0.607337518619
0.162500000003	0.575896001699
0.652178515191	0.581967213145
0.615517481082	0.581926724144
0.621655705992	0.594827586232
0.619724055735	0.608719964345
0.62738049158	0.585801288723
0.616992376577	0.616436757487
0.614883924508	0.626557232734
0.613207547344	0.645454545463
0.596933082031	0.569965819712
0.574926311635	0.555930186518
0.567031438628	0.519492330919
0.569706561133	0.540804385984
0.550950024142	0.537582841403
0.635616666113	0.642703924851
0.623515910618	0.601800115609
0.60248857393	0.644230769714
0.836146442999	0.508654235396
0.451546786912	0.467638593141
0.605263155638	0.574696894523
0.602258323658	0.618071109495
0.611636792792	0.590457126073
0.47021229428	0.537902143045
0.565573770629	0.525000000009
0.591666666644	0.524999999878
0.558333333361	0.527926442776
0.591666666725	0.543291773711
0.587408969187	0.571340442964
0.606445283191	0.595520414561
0.558333333357	0.524031055104
0.615835059423	0.601694915249
0.604169732375	0.614750753959
0.614813255239	0.588884403206
0.587719298246	0.638805076381
0.585854452624	0.609835283819
0.608924192664	0.611176903557
0.597545995829	0.590909090671
0.601192138911	0.62702487425
0.592077312244	0.573866628565
0.814285714277	0.525862068952
0.474781791031	0.474305239487
0.560933644021	0.556163634844
0.55012795017	0.543103448275
